[quark]
{2 JetPt Rho 1 x ((x-[0])<0)?0:TMath::Exp(-1.*(x-[0])*[1]/[2])*TMath::Power((x-[0]),[1]-1)*TMath::Power([2]/[1],-1.*[1])/TMath::Gamma([1]) Correction QGL_ptD_quark}
20 26 0 1 5 0 1 0.370 1.000 0.069 
26 32 0 1 5 0 1 0.400 3.994 0.035 
32 40 0 1 5 0 1 0.289 1.123 0.056 
40 51 0 1 5 0 1 0.330 1.000 0.132 
51 64 0 1 5 0 1 0.310 1.000 0.084 
64 80 0 1 5 0 1 0.330 1.000 0.063 
80 101 0 1 5 0 1 0.040 50.000 0.416 
101 127 0 1 5 0 1 0.350 1.051 0.121 
127 159 0 1 5 0 1 0.400 6.091 0.233 
159 200 0 1 5 0 1 0.290 1.000 0.143 
200 252 0 1 5 0 1 0.000 11.624 0.409 
252 317 0 1 5 0 1 0.000 8.582 0.420 
317 399 0 1 5 0 1 0.000 14.304 0.398 
399 502 0 1 5 0 1 0.067 50.000 0.383 
502 632 0 1 5 0 1 0.310 1.000 0.115 
632 795 0 1 5 0 1 0.350 1.000 0.108 
795 1000 0 1 5 0 1 0.329 1.084 0.143 
1000 4000 0 1 5 0 1 0.400 49.992 0.224 
20 26 1 2 5 0 1 0.227 7.618 0.181 
26 32 1 2 5 0 1 0.000 20.822 0.457 
32 40 1 2 5 0 1 0.000 20.813 0.441 
40 51 1 2 5 0 1 0.233 2.058 0.296 
51 64 1 2 5 0 1 0.219 1.740 0.260 
64 80 1 2 5 0 1 0.250 1.000 0.211 
80 101 1 2 5 0 1 0.283 1.588 0.254 
101 127 1 2 5 0 1 0.230 1.202 0.237 
127 159 1 2 5 0 1 0.230 1.305 0.262 
159 200 1 2 5 0 1 0.198 2.040 0.347 
200 252 1 2 5 0 1 0.192 1.989 0.307 
252 317 1 2 5 0 1 0.095 7.785 0.346 
317 399 1 2 5 0 1 0.167 3.447 0.300 
399 502 1 2 5 0 1 0.000 7.937 0.485 
502 632 1 2 5 0 1 0.000 14.040 0.515 
632 795 1 2 5 0 1 0.000 7.810 0.553 
795 1000 1 2 5 0 1 0.140 9.290 0.413 
1000 4000 1 2 5 0 1 0.000 19.034 0.563 
20 26 2 3 5 0 1 0.237 2.506 0.333 
26 32 2 3 5 0 1 0.243 1.866 0.172 
32 40 2 3 5 0 1 0.270 1.081 0.230 
40 51 2 3 5 0 1 0.186 2.693 0.233 
51 64 2 3 5 0 1 0.230 2.295 0.205 
64 80 2 3 5 0 1 0.247 1.752 0.174 
80 101 2 3 5 0 1 0.227 1.829 0.222 
101 127 2 3 5 0 1 0.196 3.067 0.217 
127 159 2 3 5 0 1 0.048 7.264 0.370 
159 200 2 3 5 0 1 0.000 11.092 0.424 
200 252 2 3 5 0 1 0.000 9.558 0.423 
252 317 2 3 5 0 1 0.040 9.937 0.391 
317 399 2 3 5 0 1 0.077 13.549 0.391 
399 502 2 3 5 0 1 0.000 12.063 0.463 
502 632 2 3 5 0 1 0.211 3.070 0.309 
632 795 2 3 5 0 1 0.000 13.720 0.487 
795 1000 2 3 5 0 1 0.081 4.996 0.513 
1000 4000 2 3 5 0 1 0.000 7.519 0.589 
20 26 3 4 5 0 1 0.246 1.954 0.204 
26 32 3 4 5 0 1 0.250 1.340 0.256 
32 40 3 4 5 0 1 0.166 5.218 0.241 
40 51 3 4 5 0 1 0.191 4.682 0.200 
51 64 3 4 5 0 1 0.221 2.663 0.190 
64 80 3 4 5 0 1 0.153 6.810 0.241 
80 101 3 4 5 0 1 0.219 2.699 0.194 
101 127 3 4 5 0 1 0.065 9.271 0.344 
127 159 3 4 5 0 1 0.000 16.237 0.401 
159 200 3 4 5 0 1 0.078 8.196 0.340 
200 252 3 4 5 0 1 0.000 14.320 0.412 
252 317 3 4 5 0 1 0.061 8.688 0.364 
317 399 3 4 5 0 1 0.000 18.896 0.443 
399 502 3 4 5 0 1 0.043 11.223 0.407 
502 632 3 4 5 0 1 0.000 18.621 0.464 
632 795 3 4 5 0 1 0.000 20.274 0.501 
795 1000 3 4 5 0 1 0.000 8.672 0.480 
1000 4000 3 4 5 0 1 0.000 18.604 0.574 
20 26 4 5 5 0 1 0.242 2.018 0.158 
26 32 4 5 5 0 1 0.241 2.395 0.168 
32 40 4 5 5 0 1 0.059 14.050 0.312 
40 51 4 5 5 0 1 0.192 3.727 0.201 
51 64 4 5 5 0 1 0.194 3.336 0.205 
64 80 4 5 5 0 1 0.198 3.308 0.203 
80 101 4 5 5 0 1 0.166 4.377 0.232 
101 127 4 5 5 0 1 0.171 3.818 0.241 
127 159 4 5 5 0 1 0.133 5.320 0.282 
159 200 4 5 5 0 1 0.033 10.521 0.382 
200 252 4 5 5 0 1 0.000 13.053 0.413 
252 317 4 5 5 0 1 0.000 12.556 0.430 
317 399 4 5 5 0 1 0.000 12.276 0.445 
399 502 4 5 5 0 1 0.000 13.789 0.457 
502 632 4 5 5 0 1 0.000 14.704 0.461 
632 795 4 5 5 0 1 0.000 15.417 0.490 
795 1000 4 5 5 0 1 0.000 22.884 0.510 
1000 4000 4 5 5 0 1 0.000 17.144 0.537 
20 26 5 6 5 0 1 0.217 2.781 0.173 
26 32 5 6 5 0 1 0.201 3.061 0.196 
32 40 5 6 5 0 1 0.218 2.651 0.177 
40 51 5 6 5 0 1 0.193 3.490 0.200 
51 64 5 6 5 0 1 0.190 3.734 0.202 
64 80 5 6 5 0 1 0.181 3.592 0.218 
80 101 5 6 5 0 1 0.165 4.240 0.228 
101 127 5 6 5 0 1 0.120 6.870 0.283 
127 159 5 6 5 0 1 0.162 4.480 0.253 
159 200 5 6 5 0 1 0.126 5.419 0.290 
200 252 5 6 5 0 1 0.066 8.570 0.354 
252 317 5 6 5 0 1 0.000 12.105 0.427 
317 399 5 6 5 0 1 0.000 13.393 0.437 
399 502 5 6 5 0 1 0.000 13.541 0.452 
502 632 5 6 5 0 1 0.000 15.640 0.466 
632 795 5 6 5 0 1 0.000 16.250 0.493 
795 1000 5 6 5 0 1 0.000 17.544 0.507 
1000 4000 5 6 5 0 1 0.116 11.927 0.424 
20 26 6 7 5 0 1 0.246 1.789 0.142 
26 32 6 7 5 0 1 0.225 2.192 0.164 
32 40 6 7 5 0 1 0.194 3.351 0.189 
40 51 6 7 5 0 1 0.195 3.307 0.195 
51 64 6 7 5 0 1 0.198 3.081 0.200 
64 80 6 7 5 0 1 0.181 3.929 0.210 
80 101 6 7 5 0 1 0.157 4.726 0.241 
101 127 6 7 5 0 1 0.166 3.890 0.237 
127 159 6 7 5 0 1 0.142 5.055 0.259 
159 200 6 7 5 0 1 0.110 6.379 0.296 
200 252 6 7 5 0 1 0.061 8.911 0.357 
252 317 6 7 5 0 1 0.072 8.808 0.355 
317 399 6 7 5 0 1 0.028 11.668 0.408 
399 502 6 7 5 0 1 0.048 10.153 0.404 
502 632 6 7 5 0 1 0.000 13.994 0.473 
632 795 6 7 5 0 1 0.000 15.193 0.488 
795 1000 6 7 5 0 1 0.000 19.038 0.510 
1000 4000 6 7 5 0 1 0.000 22.398 0.542 
20 26 7 8 5 0 1 0.225 2.268 0.154 
26 32 7 8 5 0 1 0.204 2.823 0.172 
32 40 7 8 5 0 1 0.220 2.530 0.164 
40 51 7 8 5 0 1 0.196 3.187 0.185 
51 64 7 8 5 0 1 0.196 2.988 0.192 
64 80 7 8 5 0 1 0.177 3.830 0.220 
80 101 7 8 5 0 1 0.167 3.869 0.225 
101 127 7 8 5 0 1 0.147 4.826 0.252 
127 159 7 8 5 0 1 0.138 5.243 0.266 
159 200 7 8 5 0 1 0.129 5.692 0.281 
200 252 7 8 5 0 1 0.094 7.497 0.324 
252 317 7 8 5 0 1 0.048 9.785 0.381 
317 399 7 8 5 0 1 0.057 9.804 0.379 
399 502 7 8 5 0 1 0.000 13.494 0.452 
502 632 7 8 5 0 1 0.000 14.081 0.468 
632 795 7 8 5 0 1 0.000 15.452 0.487 
795 1000 7 8 5 0 1 0.000 15.892 0.503 
1000 4000 7 8 5 0 1 0.000 20.808 0.549 
20 26 8 9 5 0 1 0.218 2.561 0.156 
26 32 8 9 5 0 1 0.199 3.173 0.172 
32 40 8 9 5 0 1 0.196 3.396 0.176 
40 51 8 9 5 0 1 0.183 3.787 0.192 
51 64 8 9 5 0 1 0.193 3.104 0.187 
64 80 8 9 5 0 1 0.177 3.701 0.211 
80 101 8 9 5 0 1 0.155 4.566 0.233 
101 127 8 9 5 0 1 0.168 3.888 0.227 
127 159 8 9 5 0 1 0.138 5.124 0.265 
159 200 8 9 5 0 1 0.120 5.781 0.289 
200 252 8 9 5 0 1 0.097 6.908 0.322 
252 317 8 9 5 0 1 0.055 9.872 0.370 
317 399 8 9 5 0 1 0.047 9.866 0.390 
399 502 8 9 5 0 1 0.013 12.672 0.433 
502 632 8 9 5 0 1 0.000 13.718 0.466 
632 795 8 9 5 0 1 0.000 15.858 0.488 
795 1000 8 9 5 0 1 0.000 16.282 0.506 
1000 4000 8 9 5 0 1 0.000 18.527 0.539 
20 26 9 10 5 0 1 0.223 2.181 0.141 
26 32 9 10 5 0 1 0.199 3.141 0.166 
32 40 9 10 5 0 1 0.196 2.948 0.170 
40 51 9 10 5 0 1 0.197 2.879 0.177 
51 64 9 10 5 0 1 0.193 2.967 0.188 
64 80 9 10 5 0 1 0.173 3.653 0.210 
80 101 9 10 5 0 1 0.166 3.839 0.223 
101 127 9 10 5 0 1 0.150 4.637 0.244 
127 159 9 10 5 0 1 0.132 5.318 0.267 
159 200 9 10 5 0 1 0.132 5.351 0.276 
200 252 9 10 5 0 1 0.081 7.893 0.336 
252 317 9 10 5 0 1 0.069 8.602 0.356 
317 399 9 10 5 0 1 0.023 11.958 0.415 
399 502 9 10 5 0 1 0.000 12.931 0.448 
502 632 9 10 5 0 1 0.000 13.749 0.467 
632 795 9 10 5 0 1 0.000 14.761 0.479 
795 1000 9 10 5 0 1 0.000 17.022 0.501 
1000 4000 9 10 5 0 1 0.000 19.062 0.543 
20 26 10 11 5 0 1 0.204 2.277 0.155 
26 32 10 11 5 0 1 0.191 3.043 0.164 
32 40 10 11 5 0 1 0.185 3.350 0.176 
40 51 10 11 5 0 1 0.196 2.862 0.171 
51 64 10 11 5 0 1 0.175 3.631 0.197 
64 80 10 11 5 0 1 0.175 3.665 0.204 
80 101 10 11 5 0 1 0.171 3.679 0.212 
101 127 10 11 5 0 1 0.148 4.720 0.239 
127 159 10 11 5 0 1 0.140 4.891 0.253 
159 200 10 11 5 0 1 0.107 6.411 0.300 
200 252 10 11 5 0 1 0.091 7.453 0.324 
252 317 10 11 5 0 1 0.065 8.636 0.359 
317 399 10 11 5 0 1 0.026 11.053 0.408 
399 502 10 11 5 0 1 0.000 13.475 0.447 
502 632 10 11 5 0 1 0.000 13.563 0.465 
632 795 10 11 5 0 1 0.000 15.366 0.484 
795 1000 10 11 5 0 1 0.000 16.402 0.509 
1000 4000 10 11 5 0 1 0.000 18.073 0.542 
20 26 11 12 5 0 1 0.200 2.569 0.143 
26 32 11 12 5 0 1 0.195 2.650 0.155 
32 40 11 12 5 0 1 0.198 2.693 0.156 
40 51 11 12 5 0 1 0.195 2.859 0.167 
51 64 11 12 5 0 1 0.179 3.358 0.186 
64 80 11 12 5 0 1 0.163 3.991 0.213 
80 101 11 12 5 0 1 0.153 4.395 0.227 
101 127 11 12 5 0 1 0.155 4.054 0.233 
127 159 11 12 5 0 1 0.130 5.396 0.266 
159 200 11 12 5 0 1 0.128 5.432 0.277 
200 252 11 12 5 0 1 0.115 6.043 0.295 
252 317 11 12 5 0 1 0.070 8.567 0.352 
317 399 11 12 5 0 1 0.042 10.039 0.393 
399 502 11 12 5 0 1 0.000 13.061 0.447 
502 632 11 12 5 0 1 0.000 13.566 0.464 
632 795 11 12 5 0 1 0.000 15.163 0.483 
795 1000 11 12 5 0 1 0.000 16.324 0.509 
1000 4000 11 12 5 0 1 0.000 19.821 0.538 
20 26 12 13 5 0 1 0.200 2.549 0.140 
26 32 12 13 5 0 1 0.197 2.507 0.148 
32 40 12 13 5 0 1 0.182 3.036 0.165 
40 51 12 13 5 0 1 0.182 3.310 0.174 
51 64 12 13 5 0 1 0.178 3.325 0.186 
64 80 12 13 5 0 1 0.170 3.766 0.203 
80 101 12 13 5 0 1 0.161 3.955 0.218 
101 127 12 13 5 0 1 0.151 4.299 0.235 
127 159 12 13 5 0 1 0.131 5.304 0.262 
159 200 12 13 5 0 1 0.113 6.169 0.289 
200 252 12 13 5 0 1 0.097 6.852 0.314 
252 317 12 13 5 0 1 0.091 7.343 0.329 
317 399 12 13 5 0 1 0.060 9.256 0.371 
399 502 12 13 5 0 1 0.000 13.181 0.444 
502 632 12 13 5 0 1 0.000 13.485 0.462 
632 795 12 13 5 0 1 0.000 15.722 0.484 
795 1000 12 13 5 0 1 0.000 16.225 0.507 
1000 4000 12 13 5 0 1 0.000 19.964 0.543 
20 26 13 14 5 0 1 0.183 2.994 0.148 
26 32 13 14 5 0 1 0.183 2.898 0.157 
32 40 13 14 5 0 1 0.180 3.128 0.164 
40 51 13 14 5 0 1 0.177 3.215 0.172 
51 64 13 14 5 0 1 0.172 3.517 0.188 
64 80 13 14 5 0 1 0.170 3.522 0.198 
80 101 13 14 5 0 1 0.155 4.160 0.220 
101 127 13 14 5 0 1 0.142 4.678 0.240 
127 159 13 14 5 0 1 0.133 5.164 0.258 
159 200 13 14 5 0 1 0.123 5.713 0.275 
200 252 13 14 5 0 1 0.101 6.820 0.309 
252 317 13 14 5 0 1 0.077 8.105 0.343 
317 399 13 14 5 0 1 0.038 10.824 0.393 
399 502 13 14 5 0 1 0.019 11.780 0.427 
502 632 13 14 5 0 1 0.000 13.750 0.461 
632 795 13 14 5 0 1 0.000 15.213 0.483 
795 1000 13 14 5 0 1 0.000 16.095 0.505 
1000 4000 13 14 5 0 1 0.000 18.992 0.541 
20 26 14 15 5 0 1 0.181 2.854 0.143 
26 32 14 15 5 0 1 0.184 2.696 0.151 
32 40 14 15 5 0 1 0.178 3.123 0.163 
40 51 14 15 5 0 1 0.178 3.237 0.168 
51 64 14 15 5 0 1 0.174 3.337 0.183 
64 80 14 15 5 0 1 0.171 3.437 0.191 
80 101 14 15 5 0 1 0.158 4.002 0.214 
101 127 14 15 5 0 1 0.145 4.548 0.233 
127 159 14 15 5 0 1 0.129 5.264 0.260 
159 200 14 15 5 0 1 0.124 5.384 0.271 
200 252 14 15 5 0 1 0.110 6.141 0.298 
252 317 14 15 5 0 1 0.074 8.449 0.342 
317 399 14 15 5 0 1 0.041 10.300 0.389 
399 502 14 15 5 0 1 0.005 12.707 0.438 
502 632 14 15 5 0 1 0.000 13.222 0.460 
632 795 14 15 5 0 1 0.000 15.162 0.478 
795 1000 14 15 5 0 1 0.000 17.389 0.506 
1000 4000 14 15 5 0 1 0.000 19.314 0.542 
20 26 15 16 5 0 1 0.182 2.828 0.135 
26 32 15 16 5 0 1 0.183 2.743 0.144 
32 40 15 16 5 0 1 0.178 2.917 0.152 
40 51 15 16 5 0 1 0.178 3.051 0.167 
51 64 15 16 5 0 1 0.172 3.348 0.179 
64 80 15 16 5 0 1 0.162 3.653 0.199 
80 101 15 16 5 0 1 0.160 3.797 0.208 
101 127 15 16 5 0 1 0.149 4.268 0.228 
127 159 15 16 5 0 1 0.129 5.209 0.255 
159 200 15 16 5 0 1 0.120 5.550 0.276 
200 252 15 16 5 0 1 0.100 6.701 0.305 
252 317 15 16 5 0 1 0.064 8.807 0.353 
317 399 15 16 5 0 1 0.059 9.588 0.370 
399 502 15 16 5 0 1 0.010 12.335 0.433 
502 632 15 16 5 0 1 0.000 13.303 0.460 
632 795 15 16 5 0 1 0.000 14.556 0.480 
795 1000 15 16 5 0 1 0.000 16.321 0.500 
1000 4000 15 16 5 0 1 0.000 18.924 0.538 
20 26 16 17 5 0 1 0.182 2.578 0.130 
26 32 16 17 5 0 1 0.181 2.516 0.142 
32 40 16 17 5 0 1 0.182 2.625 0.147 
40 51 16 17 5 0 1 0.177 2.832 0.165 
51 64 16 17 5 0 1 0.161 3.581 0.187 
64 80 16 17 5 0 1 0.162 3.698 0.195 
80 101 16 17 5 0 1 0.151 4.000 0.216 
101 127 16 17 5 0 1 0.144 4.454 0.231 
127 159 16 17 5 0 1 0.136 4.858 0.248 
159 200 16 17 5 0 1 0.117 5.700 0.277 
200 252 16 17 5 0 1 0.103 6.561 0.301 
252 317 16 17 5 0 1 0.083 7.633 0.331 
317 399 16 17 5 0 1 0.043 10.175 0.385 
399 502 16 17 5 0 1 0.000 13.130 0.442 
502 632 16 17 5 0 1 0.000 13.390 0.460 
632 795 16 17 5 0 1 0.000 14.467 0.477 
795 1000 16 17 5 0 1 0.000 16.149 0.501 
1000 4000 16 17 5 0 1 0.000 18.350 0.541 
20 26 17 18 5 0 1 0.182 2.378 0.125 
26 32 17 18 5 0 1 0.173 2.832 0.143 
32 40 17 18 5 0 1 0.179 2.624 0.143 
40 51 17 18 5 0 1 0.175 2.844 0.161 
51 64 17 18 5 0 1 0.172 3.094 0.172 
64 80 17 18 5 0 1 0.162 3.588 0.193 
80 101 17 18 5 0 1 0.153 4.036 0.210 
101 127 17 18 5 0 1 0.139 4.670 0.232 
127 159 17 18 5 0 1 0.130 5.092 0.250 
159 200 17 18 5 0 1 0.123 5.487 0.267 
200 252 17 18 5 0 1 0.124 5.506 0.278 
252 317 17 18 5 0 1 0.076 7.910 0.340 
317 399 17 18 5 0 1 0.023 11.323 0.402 
399 502 17 18 5 0 1 0.000 12.823 0.439 
502 632 17 18 5 0 1 0.000 13.506 0.459 
632 795 17 18 5 0 1 0.000 14.343 0.478 
795 1000 17 18 5 0 1 0.000 16.140 0.503 
1000 4000 17 18 5 0 1 0.000 19.523 0.538 
20 26 18 19 5 0 1 0.183 2.164 0.122 
26 32 18 19 5 0 1 0.182 2.367 0.129 
32 40 18 19 5 0 1 0.176 2.806 0.146 
40 51 18 19 5 0 1 0.178 2.656 0.152 
51 64 18 19 5 0 1 0.161 3.524 0.179 
64 80 18 19 5 0 1 0.159 3.691 0.190 
80 101 18 19 5 0 1 0.151 4.187 0.208 
101 127 18 19 5 0 1 0.142 4.475 0.228 
127 159 18 19 5 0 1 0.132 4.917 0.248 
159 200 18 19 5 0 1 0.113 5.816 0.278 
200 252 18 19 5 0 1 0.111 6.083 0.289 
252 317 18 19 5 0 1 0.075 8.121 0.339 
317 399 18 19 5 0 1 0.061 9.376 0.366 
399 502 18 19 5 0 1 0.000 12.800 0.440 
502 632 18 19 5 0 1 0.000 13.626 0.458 
632 795 18 19 5 0 1 0.000 14.922 0.477 
795 1000 18 19 5 0 1 0.000 16.149 0.502 
1000 4000 18 19 5 0 1 0.000 18.537 0.540 
20 26 19 20 5 0 1 0.181 2.186 0.118 
26 32 19 20 5 0 1 0.178 2.395 0.129 
32 40 19 20 5 0 1 0.175 2.579 0.138 
40 51 19 20 5 0 1 0.175 2.704 0.152 
51 64 19 20 5 0 1 0.175 2.860 0.161 
64 80 19 20 5 0 1 0.155 3.806 0.193 
80 101 19 20 5 0 1 0.153 3.973 0.202 
101 127 19 20 5 0 1 0.131 4.939 0.235 
127 159 19 20 5 0 1 0.133 4.842 0.245 
159 200 19 20 5 0 1 0.114 5.813 0.273 
200 252 19 20 5 0 1 0.102 6.571 0.296 
252 317 19 20 5 0 1 0.097 7.043 0.314 
317 399 19 20 5 0 1 0.053 9.356 0.372 
399 502 19 20 5 0 1 0.018 11.607 0.419 
502 632 19 20 5 0 1 0.000 13.056 0.454 
632 795 19 20 5 0 1 0.000 13.806 0.476 
795 1000 19 20 5 0 1 0.000 16.195 0.500 
1000 4000 19 20 5 0 1 0.000 18.390 0.539 
20 26 20 21 5 0 1 0.174 2.321 0.115 
26 32 20 21 5 0 1 0.177 2.530 0.123 
32 40 20 21 5 0 1 0.159 3.268 0.149 
40 51 20 21 5 0 1 0.163 3.094 0.158 
51 64 20 21 5 0 1 0.157 3.583 0.176 
64 80 20 21 5 0 1 0.159 3.479 0.184 
80 101 20 21 5 0 1 0.148 4.069 0.206 
101 127 20 21 5 0 1 0.143 4.301 0.221 
127 159 20 21 5 0 1 0.133 5.045 0.241 
159 200 20 21 5 0 1 0.117 5.616 0.269 
200 252 20 21 5 0 1 0.089 7.060 0.308 
252 317 20 21 5 0 1 0.067 8.317 0.343 
317 399 20 21 5 0 1 0.049 9.617 0.375 
399 502 20 21 5 0 1 0.000 12.665 0.439 
502 632 20 21 5 0 1 0.000 13.182 0.453 
632 795 20 21 5 0 1 0.000 14.544 0.474 
795 1000 20 21 5 0 1 0.000 16.268 0.502 
1000 4000 20 21 5 0 1 0.000 20.239 0.538 
20 26 21 22 5 0 1 0.184 1.939 0.104 
26 32 21 22 5 0 1 0.160 3.005 0.135 
32 40 21 22 5 0 1 0.163 3.100 0.143 
40 51 21 22 5 0 1 0.160 3.259 0.156 
51 64 21 22 5 0 1 0.160 3.273 0.168 
64 80 21 22 5 0 1 0.171 3.083 0.171 
80 101 21 22 5 0 1 0.147 4.133 0.203 
101 127 21 22 5 0 1 0.138 4.574 0.224 
127 159 21 22 5 0 1 0.131 4.869 0.242 
159 200 21 22 5 0 1 0.116 5.580 0.269 
200 252 21 22 5 0 1 0.099 6.589 0.298 
252 317 21 22 5 0 1 0.082 7.528 0.328 
317 399 21 22 5 0 1 0.037 10.372 0.385 
399 502 21 22 5 0 1 0.005 12.391 0.433 
502 632 21 22 5 0 1 0.000 13.494 0.454 
632 795 21 22 5 0 1 0.000 14.491 0.475 
795 1000 21 22 5 0 1 0.000 15.656 0.498 
1000 4000 21 22 5 0 1 0.000 19.630 0.538 
20 26 22 23 5 0 1 0.164 2.546 0.117 
26 32 22 23 5 0 1 0.178 2.227 0.117 
32 40 22 23 5 0 1 0.157 3.237 0.145 
40 51 22 23 5 0 1 0.158 3.267 0.155 
51 64 22 23 5 0 1 0.160 3.204 0.167 
64 80 22 23 5 0 1 0.152 3.799 0.183 
80 101 22 23 5 0 1 0.139 4.332 0.210 
101 127 22 23 5 0 1 0.135 4.537 0.224 
127 159 22 23 5 0 1 0.130 4.953 0.242 
159 200 22 23 5 0 1 0.114 5.701 0.269 
200 252 22 23 5 0 1 0.100 6.482 0.294 
252 317 22 23 5 0 1 0.073 7.946 0.335 
317 399 22 23 5 0 1 0.045 9.636 0.376 
399 502 22 23 5 0 1 0.005 12.355 0.429 
502 632 22 23 5 0 1 0.000 12.768 0.455 
632 795 22 23 5 0 1 0.000 14.334 0.472 
795 1000 22 23 5 0 1 0.000 15.567 0.496 
1000 4000 22 23 5 0 1 0.000 18.650 0.538 
20 26 23 24 5 0 1 0.154 3.212 0.117 
26 32 23 24 5 0 1 0.158 2.898 0.127 
32 40 23 24 5 0 1 0.157 3.021 0.140 
40 51 23 24 5 0 1 0.157 3.195 0.150 
51 64 23 24 5 0 1 0.160 3.232 0.162 
64 80 23 24 5 0 1 0.146 3.881 0.187 
80 101 23 24 5 0 1 0.140 4.346 0.206 
101 127 23 24 5 0 1 0.136 4.659 0.222 
127 159 23 24 5 0 1 0.126 5.020 0.243 
159 200 23 24 5 0 1 0.115 5.692 0.266 
200 252 23 24 5 0 1 0.094 6.926 0.301 
252 317 23 24 5 0 1 0.073 7.912 0.331 
317 399 23 24 5 0 1 0.017 11.234 0.404 
399 502 23 24 5 0 1 0.000 12.381 0.436 
502 632 23 24 5 0 1 0.000 13.251 0.453 
632 795 23 24 5 0 1 0.000 14.611 0.475 
795 1000 23 24 5 0 1 0.000 17.234 0.501 
1000 4000 23 24 5 0 1 0.000 19.704 0.543 
20 26 24 25 5 0 1 0.164 2.377 0.111 
26 32 24 25 5 0 1 0.162 2.607 0.127 
32 40 24 25 5 0 1 0.158 2.982 0.136 
40 51 24 25 5 0 1 0.159 3.087 0.149 
51 64 24 25 5 0 1 0.155 3.205 0.164 
64 80 24 25 5 0 1 0.155 3.616 0.177 
80 101 24 25 5 0 1 0.145 3.993 0.197 
101 127 24 25 5 0 1 0.139 4.324 0.217 
127 159 24 25 5 0 1 0.124 5.199 0.244 
159 200 24 25 5 0 1 0.107 6.099 0.271 
200 252 24 25 5 0 1 0.096 6.631 0.295 
252 317 24 25 5 0 1 0.073 8.024 0.330 
317 399 24 25 5 0 1 0.000 12.547 0.417 
399 502 24 25 5 0 1 0.000 12.528 0.433 
502 632 24 25 5 0 1 0.000 13.278 0.450 
632 795 24 25 5 0 1 0.000 13.833 0.472 
795 1000 24 25 5 0 1 0.000 15.399 0.499 
1000 4000 24 25 5 0 1 0.000 18.942 0.535 
20 26 25 26 5 0 1 0.163 2.437 0.101 
26 32 25 26 5 0 1 0.161 2.726 0.113 
32 40 25 26 5 0 1 0.175 2.157 0.118 
40 51 25 26 5 0 1 0.157 2.916 0.146 
51 64 25 26 5 0 1 0.152 3.512 0.163 
64 80 25 26 5 0 1 0.154 3.366 0.176 
80 101 25 26 5 0 1 0.141 4.233 0.199 
101 127 25 26 5 0 1 0.136 4.352 0.213 
127 159 25 26 5 0 1 0.123 5.211 0.241 
159 200 25 26 5 0 1 0.124 5.231 0.253 
200 252 25 26 5 0 1 0.088 6.873 0.302 
252 317 25 26 5 0 1 0.077 7.839 0.327 
317 399 25 26 5 0 1 0.039 10.030 0.378 
399 502 25 26 5 0 1 0.000 12.273 0.432 
502 632 25 26 5 0 1 0.000 13.111 0.451 
632 795 25 26 5 0 1 0.000 14.276 0.474 
795 1000 25 26 5 0 1 0.000 16.660 0.501 
1000 4000 25 26 5 0 1 0.000 21.031 0.539 
20 26 26 27 5 0 1 0.159 2.490 0.105 
26 32 26 27 5 0 1 0.161 2.556 0.115 
32 40 26 27 5 0 1 0.159 2.724 0.127 
40 51 26 27 5 0 1 0.158 2.966 0.141 
51 64 26 27 5 0 1 0.155 3.270 0.160 
64 80 26 27 5 0 1 0.153 3.448 0.173 
80 101 26 27 5 0 1 0.145 3.936 0.194 
101 127 26 27 5 0 1 0.138 4.275 0.209 
127 159 26 27 5 0 1 0.122 5.191 0.242 
159 200 26 27 5 0 1 0.111 5.902 0.265 
200 252 26 27 5 0 1 0.088 7.048 0.302 
252 317 26 27 5 0 1 0.072 8.133 0.331 
317 399 26 27 5 0 1 0.040 10.071 0.377 
399 502 26 27 5 0 1 0.000 12.531 0.433 
502 632 26 27 5 0 1 0.000 13.291 0.447 
632 795 26 27 5 0 1 0.000 14.440 0.472 
795 1000 26 27 5 0 1 0.000 16.785 0.496 
1000 4000 26 27 5 0 1 0.000 19.684 0.535 
20 26 27 28 5 0 1 0.159 2.398 0.106 
26 32 27 28 5 0 1 0.166 2.005 0.109 
32 40 27 28 5 0 1 0.159 2.513 0.123 
40 51 27 28 5 0 1 0.155 2.942 0.137 
51 64 27 28 5 0 1 0.151 3.326 0.159 
64 80 27 28 5 0 1 0.137 3.950 0.186 
80 101 27 28 5 0 1 0.135 4.261 0.201 
101 127 27 28 5 0 1 0.136 4.199 0.213 
127 159 27 28 5 0 1 0.129 4.748 0.232 
159 200 27 28 5 0 1 0.114 5.619 0.261 
200 252 27 28 5 0 1 0.078 7.479 0.305 
252 317 27 28 5 0 1 0.058 8.813 0.342 
317 399 27 28 5 0 1 0.050 9.275 0.363 
399 502 27 28 5 0 1 0.000 12.890 0.429 
502 632 27 28 5 0 1 0.000 12.788 0.447 
632 795 27 28 5 0 1 0.000 14.409 0.473 
795 1000 27 28 5 0 1 0.000 15.506 0.489 
1000 4000 27 28 5 0 1 0.000 19.027 0.540 
20 26 28 29 5 0 1 0.153 2.959 0.107 
26 32 28 29 5 0 1 0.140 3.450 0.134 
32 40 28 29 5 0 1 0.156 2.547 0.120 
40 51 28 29 5 0 1 0.157 2.853 0.138 
51 64 28 29 5 0 1 0.154 3.115 0.151 
64 80 28 29 5 0 1 0.151 3.473 0.165 
80 101 28 29 5 0 1 0.130 4.620 0.200 
101 127 28 29 5 0 1 0.130 4.620 0.217 
127 159 28 29 5 0 1 0.116 5.447 0.244 
159 200 28 29 5 0 1 0.101 6.119 0.272 
200 252 28 29 5 0 1 0.106 5.759 0.279 
252 317 28 29 5 0 1 0.060 8.727 0.338 
317 399 28 29 5 0 1 0.072 8.032 0.343 
399 502 28 29 5 0 1 0.000 12.509 0.429 
502 632 28 29 5 0 1 0.000 12.938 0.445 
632 795 28 29 5 0 1 0.000 14.441 0.470 
795 1000 28 29 5 0 1 0.000 15.724 0.493 
1000 4000 28 29 5 0 1 0.000 20.187 0.540 
20 26 29 30 5 0 1 0.167 1.813 0.088 
26 32 29 30 5 0 1 0.164 2.084 0.102 
32 40 29 30 5 0 1 0.164 2.106 0.112 
40 51 29 30 5 0 1 0.157 2.698 0.131 
51 64 29 30 5 0 1 0.154 3.034 0.151 
64 80 29 30 5 0 1 0.158 2.907 0.159 
80 101 29 30 5 0 1 0.143 3.888 0.187 
101 127 29 30 5 0 1 0.133 4.495 0.209 
127 159 29 30 5 0 1 0.132 4.785 0.225 
159 200 29 30 5 0 1 0.117 5.552 0.253 
200 252 29 30 5 0 1 0.081 7.432 0.302 
252 317 29 30 5 0 1 0.033 9.841 0.365 
317 399 29 30 5 0 1 0.022 10.610 0.392 
399 502 29 30 5 0 1 0.000 13.017 0.426 
502 632 29 30 5 0 1 0.000 12.966 0.446 
632 795 29 30 5 0 1 0.000 13.781 0.466 
795 1000 29 30 5 0 1 0.000 16.101 0.497 
1000 4000 29 30 5 0 1 0.000 20.337 0.527 
20 26 30 31 5 0 1 0.147 2.978 0.092 
26 32 30 31 5 0 1 0.140 3.060 0.122 
32 40 30 31 5 0 1 0.151 3.021 0.117 
40 51 30 31 5 0 1 0.144 3.367 0.141 
51 64 30 31 5 0 1 0.144 3.291 0.156 
64 80 30 31 5 0 1 0.141 3.680 0.173 
80 101 30 31 5 0 1 0.135 4.369 0.190 
101 127 30 31 5 0 1 0.140 4.057 0.199 
127 159 30 31 5 0 1 0.120 5.176 0.234 
159 200 30 31 5 0 1 0.113 5.804 0.253 
200 252 30 31 5 0 1 0.099 6.370 0.283 
252 317 30 31 5 0 1 0.046 9.515 0.350 
317 399 30 31 5 0 1 0.017 11.635 0.397 
399 502 30 31 5 0 1 0.000 12.374 0.428 
502 632 30 31 5 0 1 0.000 14.572 0.446 
632 795 30 31 5 0 1 0.000 14.091 0.466 
795 1000 30 31 5 0 1 0.000 14.096 0.497 
1000 4000 30 31 5 0 1 0.000 18.842 0.535 
20 26 31 32 5 0 1 0.143 2.513 0.099 
26 32 31 32 5 0 1 0.157 2.951 0.099 
32 40 31 32 5 0 1 0.161 2.112 0.107 
40 51 31 32 5 0 1 0.157 2.610 0.131 
51 64 31 32 5 0 1 0.155 2.713 0.141 
64 80 31 32 5 0 1 0.134 4.028 0.180 
80 101 31 32 5 0 1 0.142 3.790 0.183 
101 127 31 32 5 0 1 0.153 3.489 0.183 
127 159 31 32 5 0 1 0.123 4.977 0.228 
159 200 31 32 5 0 1 0.104 5.935 0.261 
200 252 31 32 5 0 1 0.080 7.679 0.299 
252 317 31 32 5 0 1 0.102 6.433 0.293 
317 399 31 32 5 0 1 0.000 12.542 0.411 
399 502 31 32 5 0 1 0.000 12.160 0.427 
502 632 31 32 5 0 1 0.000 13.890 0.442 
632 795 31 32 5 0 1 0.000 15.186 0.472 
795 1000 31 32 5 0 1 0.000 16.872 0.491 
1000 4000 31 32 5 0 1 0.000 19.784 0.536 
20 26 32 33 5 0 1 0.138 3.118 0.104 
26 32 32 33 5 0 1 0.148 2.212 0.101 
32 40 32 33 5 0 1 0.141 2.966 0.123 
40 51 32 33 5 0 1 0.163 2.385 0.115 
51 64 32 33 5 0 1 0.139 3.797 0.155 
64 80 32 33 5 0 1 0.154 3.167 0.150 
80 101 32 33 5 0 1 0.127 4.747 0.194 
101 127 32 33 5 0 1 0.120 5.094 0.218 
127 159 32 33 5 0 1 0.134 4.253 0.221 
159 200 32 33 5 0 1 0.126 4.767 0.238 
200 252 32 33 5 0 1 0.081 7.047 0.298 
252 317 32 33 5 0 1 0.021 10.393 0.373 
317 399 32 33 5 0 1 0.000 12.877 0.407 
399 502 32 33 5 0 1 0.000 12.567 0.427 
502 632 32 33 5 0 1 0.000 13.163 0.445 
632 795 32 33 5 0 1 0.000 13.827 0.469 
795 1000 32 33 5 0 1 0.000 16.358 0.484 
1000 4000 32 33 5 0 1 0.000 19.287 0.537 
20 26 33 34 5 0 1 0.133 3.811 0.107 
26 32 33 34 5 0 1 0.165 1.948 0.082 
32 40 33 34 5 0 1 0.154 2.630 0.105 
40 51 33 34 5 0 1 0.139 3.304 0.131 
51 64 33 34 5 0 1 0.159 2.834 0.126 
64 80 33 34 5 0 1 0.155 2.941 0.154 
80 101 33 34 5 0 1 0.136 4.031 0.185 
101 127 33 34 5 0 1 0.130 4.561 0.203 
127 159 33 34 5 0 1 0.123 4.738 0.227 
159 200 33 34 5 0 1 0.103 5.987 0.258 
200 252 33 34 5 0 1 0.075 7.170 0.302 
252 317 33 34 5 0 1 0.027 10.765 0.365 
317 399 33 34 5 0 1 0.000 12.685 0.404 
399 502 33 34 5 0 1 0.000 12.543 0.426 
502 632 33 34 5 0 1 0.000 13.359 0.445 
632 795 33 34 5 0 1 0.000 14.408 0.467 
795 1000 33 34 5 0 1 0.000 14.904 0.491 
1000 4000 33 34 5 0 1 0.000 19.905 0.532 
20 26 34 35 5 0 1 0.150 1.428 0.082 
26 32 34 35 5 0 1 0.113 4.903 0.126 
32 40 34 35 5 0 1 0.159 2.270 0.103 
40 51 34 35 5 0 1 0.137 3.807 0.128 
51 64 34 35 5 0 1 0.141 3.499 0.137 
64 80 34 35 5 0 1 0.135 4.162 0.165 
80 101 34 35 5 0 1 0.150 3.447 0.172 
101 127 34 35 5 0 1 0.133 4.282 0.196 
127 159 34 35 5 0 1 0.135 4.428 0.214 
159 200 34 35 5 0 1 0.123 4.996 0.234 
200 252 34 35 5 0 1 0.117 5.132 0.260 
252 317 34 35 5 0 1 0.025 11.059 0.362 
317 399 34 35 5 0 1 0.074 8.049 0.334 
399 502 34 35 5 0 1 0.000 13.069 0.423 
502 632 34 35 5 0 1 0.000 13.563 0.445 
632 795 34 35 5 0 1 0.000 14.737 0.462 
795 1000 34 35 5 0 1 0.000 12.956 0.493 
1000 4000 34 35 5 0 1 0.000 19.975 0.530 
20 26 35 36 5 0 1 0.150 1.183 0.080 
26 32 35 36 5 0 1 0.121 3.301 0.133 
32 40 35 36 5 0 1 0.140 2.687 0.125 
40 51 35 36 5 0 1 0.144 2.789 0.120 
51 64 35 36 5 0 1 0.157 2.573 0.137 
64 80 35 36 5 0 1 0.139 3.442 0.165 
80 101 35 36 5 0 1 0.144 3.068 0.175 
101 127 35 36 5 0 1 0.151 3.403 0.183 
127 159 35 36 5 0 1 0.128 4.358 0.220 
159 200 35 36 5 0 1 0.130 4.487 0.227 
200 252 35 36 5 0 1 0.067 8.279 0.307 
252 317 35 36 5 0 1 0.081 7.484 0.303 
317 399 35 36 5 0 1 0.070 7.738 0.332 
399 502 35 36 5 0 1 0.000 12.838 0.429 
502 632 35 36 5 0 1 0.000 13.268 0.434 
632 795 35 36 5 0 1 0.000 14.067 0.464 
795 1000 35 36 5 0 1 0.000 15.680 0.486 
1000 4000 35 36 5 0 1 0.000 17.843 0.525 
20 26 36 37 5 0 1 0.129 1.716 0.108 
26 32 36 37 5 0 1 0.148 2.264 0.089 
32 40 36 37 5 0 1 0.145 2.508 0.106 
40 51 36 37 5 0 1 0.144 2.319 0.118 
51 64 36 37 5 0 1 0.137 3.568 0.143 
64 80 36 37 5 0 1 0.158 2.694 0.145 
80 101 36 37 5 0 1 0.156 2.629 0.164 
101 127 36 37 5 0 1 0.118 4.965 0.205 
127 159 36 37 5 0 1 0.096 6.185 0.246 
159 200 36 37 5 0 1 0.117 5.333 0.241 
200 252 36 37 5 0 1 0.050 8.458 0.324 
252 317 36 37 5 0 1 0.004 11.825 0.387 
317 399 36 37 5 0 1 0.027 10.558 0.373 
399 502 36 37 5 0 1 0.000 12.406 0.422 
502 632 36 37 5 0 1 0.000 12.666 0.448 
632 795 36 37 5 0 1 0.000 15.467 0.469 
795 1000 36 37 5 0 1 0.000 15.046 0.494 
1000 4000 36 37 5 0 1 0.000 21.381 0.522 
20 26 37 38 5 0 1 0.150 1.230 0.067 
26 32 37 38 5 0 1 0.000 14.615 0.224 
32 40 37 38 5 0 1 0.107 6.036 0.119 
40 51 37 38 5 0 1 0.166 1.670 0.104 
51 64 37 38 5 0 1 0.133 3.517 0.141 
64 80 37 38 5 0 1 0.125 4.159 0.160 
80 101 37 38 5 0 1 0.138 3.712 0.169 
101 127 37 38 5 0 1 0.129 4.364 0.195 
127 159 37 38 5 0 1 0.119 4.619 0.220 
159 200 37 38 5 0 1 0.053 9.391 0.298 
200 252 37 38 5 0 1 0.085 7.185 0.288 
252 317 37 38 5 0 1 0.129 5.301 0.262 
317 399 37 38 5 0 1 0.005 11.586 0.388 
399 502 37 38 5 0 1 0.000 12.879 0.425 
502 632 37 38 5 0 1 0.000 11.386 0.444 
632 795 37 38 5 0 1 0.000 15.934 0.446 
795 1000 37 38 5 0 1 0.000 19.876 0.503 
1000 4000 37 38 5 0 1 0.000 17.928 0.523 
20 26 38 39 5 0 1 0.150 1.540 0.069 
26 32 38 39 5 0 1 0.143 2.849 0.082 
32 40 38 39 5 0 1 0.147 1.796 0.106 
40 51 38 39 5 0 1 0.046 22.401 0.192 
51 64 38 39 5 0 1 0.156 2.528 0.119 
64 80 38 39 5 0 1 0.140 3.514 0.146 
80 101 38 39 5 0 1 0.138 3.454 0.171 
101 127 38 39 5 0 1 0.115 5.294 0.195 
127 159 38 39 5 0 1 0.000 11.751 0.330 
159 200 38 39 5 0 1 0.123 4.866 0.234 
200 252 38 39 5 0 1 0.091 6.658 0.272 
252 317 38 39 5 0 1 0.000 12.424 0.378 
317 399 38 39 5 0 1 0.000 12.573 0.397 
399 502 38 39 5 0 1 0.000 12.775 0.419 
502 632 38 39 5 0 1 0.000 14.839 0.441 
632 795 38 39 5 0 1 0.000 14.860 0.462 
795 1000 38 39 5 0 1 0.000 14.318 0.502 
1000 4000 38 39 5 0 1 0.000 19.107 0.533 
20 26 39 100 5 0 1 0.125 2.343 0.087 
26 32 39 100 5 0 1 0.144 2.158 0.074 
32 40 39 100 5 0 1 0.126 2.696 0.112 
40 51 39 100 5 0 1 0.122 3.509 0.127 
51 64 39 100 5 0 1 0.144 2.339 0.128 
64 80 39 100 5 0 1 0.130 3.918 0.153 
80 101 39 100 5 0 1 0.130 3.746 0.170 
101 127 39 100 5 0 1 0.122 4.234 0.191 
127 159 39 100 5 0 1 0.111 5.095 0.221 
159 200 39 100 5 0 1 0.068 7.590 0.282 
200 252 39 100 5 0 1 0.102 5.732 0.261 
252 317 39 100 5 0 1 0.070 7.662 0.307 
317 399 39 100 5 0 1 0.000 11.914 0.394 
399 502 39 100 5 0 1 0.000 12.512 0.416 
502 632 39 100 5 0 1 0.000 12.709 0.435 
632 795 39 100 5 0 1 0.000 14.150 0.458 
795 1000 39 100 5 0 1 0.000 16.846 0.490 
1000 4000 39 100 5 0 1 0.000 19.362 0.529 
[gluon]
{2 JetPt Rho 1 x ((x-[0])<0)?0:TMath::Exp(-1.*(x-[0])*[1]/[2])*TMath::Power((x-[0]),[1]-1)*TMath::Power([2]/[1],-1.*[1])/TMath::Gamma([1]) Correction QGL_ptD_gluon}
20 26 0 1 5 0 1 0.290 1.000 0.149 
26 32 0 1 5 0 1 0.000 32.171 0.373 
32 40 0 1 5 0 1 0.266 2.685 0.167 
40 51 0 1 5 0 1 0.250 1.040 0.106 
51 64 0 1 5 0 1 0.185 4.171 0.168 
64 80 0 1 5 0 1 0.230 1.000 0.106 
80 101 0 1 5 0 1 0.136 3.452 0.193 
101 127 0 1 5 0 1 0.270 1.081 0.076 
127 159 0 1 5 0 1 0.400 1.561 0.225 
159 200 0 1 5 0 1 0.290 1.000 0.173 
200 252 0 1 5 0 1 0.139 3.459 0.256 
252 317 0 1 5 0 1 0.230 1.210 0.127 
317 399 0 1 5 0 1 0.210 2.116 0.123 
399 502 0 1 5 0 1 0.229 49.999 0.216 
502 632 0 1 5 0 1 0.330 49.208 0.071 
632 795 0 1 5 0 1 0.400 50.000 0.130 
795 1000 0 1 5 0 1 0.335 40.068 0.100 
1000 4000 0 1 5 0 1 0.378 8.383 0.019 
20 26 1 2 5 0 1 0.010 6.367 0.356 
26 32 1 2 5 0 1 0.270 1.133 0.112 
32 40 1 2 5 0 1 0.000 36.075 0.331 
40 51 1 2 5 0 1 0.193 3.992 0.134 
51 64 1 2 5 0 1 0.066 16.726 0.258 
64 80 1 2 5 0 1 0.152 6.661 0.166 
80 101 1 2 5 0 1 0.270 1.052 0.104 
101 127 1 2 5 0 1 0.077 6.859 0.242 
127 159 1 2 5 0 1 0.202 2.137 0.110 
159 200 1 2 5 0 1 0.137 3.645 0.193 
200 252 1 2 5 0 1 0.202 2.075 0.126 
252 317 1 2 5 0 1 0.210 1.253 0.156 
317 399 1 2 5 0 1 0.106 4.427 0.256 
399 502 1 2 5 0 1 0.169 2.172 0.205 
502 632 1 2 5 0 1 0.000 13.828 0.385 
632 795 1 2 5 0 1 0.000 17.800 0.405 
795 1000 1 2 5 0 1 0.289 1.095 0.151 
1000 4000 1 2 5 0 1 0.249 1.160 0.043 
20 26 2 3 5 0 1 0.219 3.662 0.136 
26 32 2 3 5 0 1 0.228 3.830 0.114 
32 40 2 3 5 0 1 0.237 2.519 0.109 
40 51 2 3 5 0 1 0.230 1.533 0.113 
51 64 2 3 5 0 1 0.195 2.541 0.142 
64 80 2 3 5 0 1 0.179 4.359 0.139 
80 101 2 3 5 0 1 0.177 3.487 0.143 
101 127 2 3 5 0 1 0.188 2.183 0.132 
127 159 2 3 5 0 1 0.154 3.359 0.172 
159 200 2 3 5 0 1 0.158 4.358 0.161 
200 252 2 3 5 0 1 0.146 4.058 0.195 
252 317 2 3 5 0 1 0.000 11.612 0.317 
317 399 2 3 5 0 1 0.082 8.429 0.258 
399 502 2 3 5 0 1 0.133 4.269 0.253 
502 632 2 3 5 0 1 0.000 13.078 0.369 
632 795 2 3 5 0 1 0.136 2.740 0.292 
795 1000 2 3 5 0 1 0.301 1.775 0.208 
1000 4000 2 3 5 0 1 0.000 18.428 0.401 
20 26 3 4 5 0 1 0.240 2.619 0.113 
26 32 3 4 5 0 1 0.215 3.372 0.132 
32 40 3 4 5 0 1 0.189 4.684 0.147 
40 51 3 4 5 0 1 0.195 3.577 0.133 
51 64 3 4 5 0 1 0.194 3.418 0.133 
64 80 3 4 5 0 1 0.167 4.848 0.146 
80 101 3 4 5 0 1 0.182 3.081 0.134 
101 127 3 4 5 0 1 0.173 3.288 0.139 
127 159 3 4 5 0 1 0.146 5.261 0.162 
159 200 3 4 5 0 1 0.173 3.096 0.144 
200 252 3 4 5 0 1 0.143 4.086 0.176 
252 317 3 4 5 0 1 0.154 3.869 0.172 
317 399 3 4 5 0 1 0.104 6.911 0.244 
399 502 3 4 5 0 1 0.096 7.702 0.251 
502 632 3 4 5 0 1 0.000 13.050 0.363 
632 795 3 4 5 0 1 0.000 10.980 0.407 
795 1000 3 4 5 0 1 0.015 8.835 0.402 
1000 4000 3 4 5 0 1 0.000 9.370 0.490 
20 26 4 5 5 0 1 0.219 3.314 0.127 
26 32 4 5 5 0 1 0.202 3.556 0.136 
32 40 4 5 5 0 1 0.199 3.574 0.135 
40 51 4 5 5 0 1 0.197 3.490 0.126 
51 64 4 5 5 0 1 0.178 4.337 0.139 
64 80 4 5 5 0 1 0.176 3.651 0.139 
80 101 4 5 5 0 1 0.176 3.405 0.135 
101 127 4 5 5 0 1 0.159 3.883 0.152 
127 159 4 5 5 0 1 0.157 4.040 0.155 
159 200 4 5 5 0 1 0.153 3.980 0.157 
200 252 4 5 5 0 1 0.150 3.882 0.171 
252 317 4 5 5 0 1 0.112 5.307 0.216 
317 399 4 5 5 0 1 0.000 1.000 0.990 
399 502 4 5 5 0 1 0.159 3.048 0.200 
502 632 4 5 5 0 1 0.106 6.483 0.262 
632 795 4 5 5 0 1 0.245 1.405 0.179 
795 1000 4 5 5 0 1 0.000 18.774 0.399 
1000 4000 4 5 5 0 1 0.000 5.642 0.473 
20 26 5 6 5 0 1 0.220 2.852 0.121 
26 32 5 6 5 0 1 0.203 3.600 0.130 
32 40 5 6 5 0 1 0.205 2.996 0.120 
40 51 5 6 5 0 1 0.196 3.233 0.122 
51 64 5 6 5 0 1 0.180 3.849 0.132 
64 80 5 6 5 0 1 0.177 3.367 0.135 
80 101 5 6 5 0 1 0.172 3.601 0.138 
101 127 5 6 5 0 1 0.159 4.182 0.151 
127 159 5 6 5 0 1 0.147 4.423 0.163 
159 200 5 6 5 0 1 0.137 4.783 0.175 
200 252 5 6 5 0 1 0.150 4.014 0.173 
252 317 5 6 5 0 1 0.141 4.044 0.188 
317 399 5 6 5 0 1 0.129 4.740 0.209 
399 502 5 6 5 0 1 0.072 8.309 0.278 
502 632 5 6 5 0 1 0.000 14.659 0.368 
632 795 5 6 5 0 1 0.000 13.043 0.394 
795 1000 5 6 5 0 1 0.000 15.808 0.399 
1000 4000 5 6 5 0 1 0.000 11.572 0.441 
20 26 6 7 5 0 1 0.216 2.769 0.112 
26 32 6 7 5 0 1 0.197 3.470 0.125 
32 40 6 7 5 0 1 0.197 3.227 0.124 
40 51 6 7 5 0 1 0.196 3.005 0.119 
51 64 6 7 5 0 1 0.194 2.911 0.120 
64 80 6 7 5 0 1 0.174 3.579 0.134 
80 101 6 7 5 0 1 0.172 3.533 0.133 
101 127 6 7 5 0 1 0.159 3.847 0.150 
127 159 6 7 5 0 1 0.155 3.783 0.155 
159 200 6 7 5 0 1 0.142 4.192 0.168 
200 252 6 7 5 0 1 0.137 4.423 0.179 
252 317 6 7 5 0 1 0.120 5.095 0.209 
317 399 6 7 5 0 1 0.110 5.862 0.224 
399 502 6 7 5 0 1 0.105 6.284 0.250 
502 632 6 7 5 0 1 0.083 7.244 0.281 
632 795 6 7 5 0 1 0.000 15.791 0.390 
795 1000 6 7 5 0 1 0.133 6.409 0.278 
1000 4000 6 7 5 0 1 0.000 12.622 0.441 
20 26 7 8 5 0 1 0.199 3.490 0.121 
26 32 7 8 5 0 1 0.200 3.198 0.116 
32 40 7 8 5 0 1 0.195 3.142 0.120 
40 51 7 8 5 0 1 0.183 3.527 0.128 
51 64 7 8 5 0 1 0.178 3.569 0.129 
64 80 7 8 5 0 1 0.175 3.488 0.129 
80 101 7 8 5 0 1 0.162 3.800 0.142 
101 127 7 8 5 0 1 0.159 3.833 0.144 
127 159 7 8 5 0 1 0.158 3.601 0.149 
159 200 7 8 5 0 1 0.148 4.173 0.164 
200 252 7 8 5 0 1 0.132 4.734 0.184 
252 317 7 8 5 0 1 0.115 5.494 0.209 
317 399 7 8 5 0 1 0.106 5.734 0.230 
399 502 7 8 5 0 1 0.097 6.434 0.252 
502 632 7 8 5 0 1 0.000 13.545 0.366 
632 795 7 8 5 0 1 0.000 12.967 0.382 
795 1000 7 8 5 0 1 0.000 14.447 0.407 
1000 4000 7 8 5 0 1 0.000 12.731 0.457 
20 26 8 9 5 0 1 0.199 3.238 0.114 
26 32 8 9 5 0 1 0.200 2.883 0.113 
32 40 8 9 5 0 1 0.199 2.710 0.110 
40 51 8 9 5 0 1 0.180 3.615 0.124 
51 64 8 9 5 0 1 0.176 3.439 0.127 
64 80 8 9 5 0 1 0.177 3.164 0.125 
80 101 8 9 5 0 1 0.162 3.794 0.140 
101 127 8 9 5 0 1 0.160 3.669 0.143 
127 159 8 9 5 0 1 0.155 3.656 0.150 
159 200 8 9 5 0 1 0.139 4.411 0.170 
200 252 8 9 5 0 1 0.139 4.274 0.177 
252 317 8 9 5 0 1 0.125 4.997 0.201 
317 399 8 9 5 0 1 0.112 5.759 0.226 
399 502 8 9 5 0 1 0.067 8.446 0.278 
502 632 8 9 5 0 1 0.066 8.572 0.297 
632 795 8 9 5 0 1 0.001 14.119 0.384 
795 1000 8 9 5 0 1 0.000 14.018 0.407 
1000 4000 8 9 5 0 1 0.000 16.402 0.439 
20 26 9 10 5 0 1 0.201 2.665 0.107 
26 32 9 10 5 0 1 0.197 2.811 0.107 
32 40 9 10 5 0 1 0.182 3.487 0.119 
40 51 9 10 5 0 1 0.181 3.306 0.119 
51 64 9 10 5 0 1 0.178 3.261 0.122 
64 80 9 10 5 0 1 0.175 3.152 0.125 
80 101 9 10 5 0 1 0.177 2.892 0.124 
101 127 9 10 5 0 1 0.157 3.814 0.143 
127 159 9 10 5 0 1 0.155 3.603 0.149 
159 200 9 10 5 0 1 0.152 3.675 0.157 
200 252 9 10 5 0 1 0.135 4.447 0.180 
252 317 9 10 5 0 1 0.140 4.094 0.183 
317 399 9 10 5 0 1 0.103 6.042 0.231 
399 502 9 10 5 0 1 0.086 7.391 0.262 
502 632 9 10 5 0 1 0.014 11.527 0.348 
632 795 9 10 5 0 1 0.000 14.786 0.386 
795 1000 9 10 5 0 1 0.000 13.720 0.410 
1000 4000 9 10 5 0 1 0.000 16.602 0.431 
20 26 10 11 5 0 1 0.182 3.762 0.118 
26 32 10 11 5 0 1 0.182 3.347 0.116 
32 40 10 11 5 0 1 0.180 3.393 0.117 
40 51 10 11 5 0 1 0.178 3.390 0.118 
51 64 10 11 5 0 1 0.177 3.130 0.119 
64 80 10 11 5 0 1 0.177 2.934 0.121 
80 101 10 11 5 0 1 0.161 3.698 0.134 
101 127 10 11 5 0 1 0.158 3.584 0.141 
127 159 10 11 5 0 1 0.153 3.686 0.148 
159 200 10 11 5 0 1 0.154 3.512 0.151 
200 252 10 11 5 0 1 0.134 4.447 0.180 
252 317 10 11 5 0 1 0.131 4.539 0.191 
317 399 10 11 5 0 1 0.113 5.478 0.220 
399 502 10 11 5 0 1 0.073 8.127 0.274 
502 632 10 11 5 0 1 0.000 13.023 0.361 
632 795 10 11 5 0 1 0.000 14.218 0.388 
795 1000 10 11 5 0 1 0.000 14.567 0.410 
1000 4000 10 11 5 0 1 0.000 15.658 0.427 
20 26 11 12 5 0 1 0.181 3.615 0.112 
26 32 11 12 5 0 1 0.181 3.238 0.112 
32 40 11 12 5 0 1 0.177 3.385 0.115 
40 51 11 12 5 0 1 0.178 3.109 0.115 
51 64 11 12 5 0 1 0.179 2.926 0.113 
64 80 11 12 5 0 1 0.178 2.856 0.116 
80 101 11 12 5 0 1 0.159 3.633 0.136 
101 127 11 12 5 0 1 0.157 3.569 0.140 
127 159 11 12 5 0 1 0.155 3.449 0.146 
159 200 11 12 5 0 1 0.144 3.904 0.160 
200 252 11 12 5 0 1 0.133 4.529 0.179 
252 317 11 12 5 0 1 0.131 4.484 0.192 
317 399 11 12 5 0 1 0.112 5.495 0.222 
399 502 11 12 5 0 1 0.089 7.199 0.257 
502 632 11 12 5 0 1 0.076 7.984 0.285 
632 795 11 12 5 0 1 0.000 13.487 0.382 
795 1000 11 12 5 0 1 0.000 14.436 0.405 
1000 4000 11 12 5 0 1 0.000 16.579 0.437 
20 26 12 13 5 0 1 0.180 3.537 0.107 
26 32 12 13 5 0 1 0.180 3.164 0.108 
32 40 12 13 5 0 1 0.180 3.098 0.109 
40 51 12 13 5 0 1 0.179 2.936 0.111 
51 64 12 13 5 0 1 0.177 2.919 0.112 
64 80 12 13 5 0 1 0.176 2.898 0.117 
80 101 12 13 5 0 1 0.159 3.563 0.132 
101 127 12 13 5 0 1 0.157 3.505 0.139 
127 159 12 13 5 0 1 0.153 3.613 0.146 
159 200 12 13 5 0 1 0.154 3.426 0.151 
200 252 12 13 5 0 1 0.134 4.351 0.176 
252 317 12 13 5 0 1 0.127 4.714 0.193 
317 399 12 13 5 0 1 0.106 5.969 0.227 
399 502 12 13 5 0 1 0.105 5.899 0.240 
502 632 12 13 5 0 1 0.087 7.680 0.277 
632 795 12 13 5 0 1 0.000 13.925 0.377 
795 1000 12 13 5 0 1 0.000 14.568 0.404 
1000 4000 12 13 5 0 1 0.000 1.000 0.472 
20 26 13 14 5 0 1 0.179 3.211 0.104 
26 32 13 14 5 0 1 0.179 3.040 0.104 
32 40 13 14 5 0 1 0.178 2.952 0.107 
40 51 13 14 5 0 1 0.177 2.962 0.108 
51 64 13 14 5 0 1 0.178 2.788 0.110 
64 80 13 14 5 0 1 0.162 3.577 0.126 
80 101 13 14 5 0 1 0.160 3.468 0.131 
101 127 13 14 5 0 1 0.157 3.450 0.136 
127 159 13 14 5 0 1 0.152 3.650 0.144 
159 200 13 14 5 0 1 0.145 3.858 0.157 
200 252 13 14 5 0 1 0.137 4.071 0.172 
252 317 13 14 5 0 1 0.123 4.920 0.197 
317 399 13 14 5 0 1 0.119 4.901 0.211 
399 502 13 14 5 0 1 0.087 7.012 0.257 
502 632 13 14 5 0 1 0.042 10.158 0.324 
632 795 13 14 5 0 1 0.000 12.755 0.381 
795 1000 13 14 5 0 1 0.000 13.734 0.402 
1000 4000 13 14 5 0 1 0.000 16.780 0.434 
20 26 14 15 5 0 1 0.180 2.882 0.096 
26 32 14 15 5 0 1 0.179 2.869 0.099 
32 40 14 15 5 0 1 0.179 2.659 0.102 
40 51 14 15 5 0 1 0.164 3.701 0.117 
51 64 14 15 5 0 1 0.178 2.665 0.106 
64 80 14 15 5 0 1 0.160 3.612 0.126 
80 101 14 15 5 0 1 0.158 3.513 0.130 
101 127 14 15 5 0 1 0.154 3.568 0.138 
127 159 14 15 5 0 1 0.152 3.576 0.143 
159 200 14 15 5 0 1 0.141 4.083 0.161 
200 252 14 15 5 0 1 0.132 4.444 0.176 
252 317 14 15 5 0 1 0.124 4.747 0.195 
317 399 14 15 5 0 1 0.112 5.285 0.218 
399 502 14 15 5 0 1 0.090 7.078 0.255 
502 632 14 15 5 0 1 0.069 8.404 0.292 
632 795 14 15 5 0 1 0.000 13.943 0.381 
795 1000 14 15 5 0 1 0.000 14.519 0.402 
1000 4000 14 15 5 0 1 0.000 15.565 0.441 
20 26 15 16 5 0 1 0.180 2.750 0.093 
26 32 15 16 5 0 1 0.179 2.702 0.095 
32 40 15 16 5 0 1 0.164 3.616 0.112 
40 51 15 16 5 0 1 0.162 3.611 0.116 
51 64 15 16 5 0 1 0.178 2.570 0.104 
64 80 15 16 5 0 1 0.160 3.557 0.123 
80 101 15 16 5 0 1 0.157 3.506 0.128 
101 127 15 16 5 0 1 0.156 3.424 0.133 
127 159 15 16 5 0 1 0.152 3.503 0.142 
159 200 15 16 5 0 1 0.140 4.079 0.160 
200 252 15 16 5 0 1 0.134 4.157 0.172 
252 317 15 16 5 0 1 0.122 4.770 0.196 
317 399 15 16 5 0 1 0.115 5.396 0.213 
399 502 15 16 5 0 1 0.086 7.042 0.258 
502 632 15 16 5 0 1 0.068 8.326 0.292 
632 795 15 16 5 0 1 0.000 13.600 0.381 
795 1000 15 16 5 0 1 0.000 14.273 0.399 
1000 4000 15 16 5 0 1 0.000 19.425 0.434 
20 26 16 17 5 0 1 0.163 3.799 0.104 
26 32 16 17 5 0 1 0.182 2.354 0.089 
32 40 16 17 5 0 1 0.162 3.527 0.110 
40 51 16 17 5 0 1 0.160 3.616 0.114 
51 64 16 17 5 0 1 0.162 3.380 0.115 
64 80 16 17 5 0 1 0.160 3.426 0.121 
80 101 16 17 5 0 1 0.157 3.431 0.127 
101 127 16 17 5 0 1 0.156 3.407 0.131 
127 159 16 17 5 0 1 0.153 3.392 0.140 
159 200 16 17 5 0 1 0.140 4.040 0.158 
200 252 16 17 5 0 1 0.133 4.320 0.173 
252 317 16 17 5 0 1 0.127 4.611 0.189 
317 399 16 17 5 0 1 0.115 5.229 0.215 
399 502 16 17 5 0 1 0.079 7.442 0.264 
502 632 16 17 5 0 1 0.052 9.721 0.307 
632 795 16 17 5 0 1 0.000 13.578 0.380 
795 1000 16 17 5 0 1 0.000 13.268 0.397 
1000 4000 16 17 5 0 1 0.000 15.381 0.437 
20 26 17 18 5 0 1 0.163 3.619 0.099 
26 32 17 18 5 0 1 0.163 3.313 0.102 
32 40 17 18 5 0 1 0.161 3.544 0.107 
40 51 17 18 5 0 1 0.160 3.516 0.111 
51 64 17 18 5 0 1 0.160 3.401 0.114 
64 80 17 18 5 0 1 0.160 3.288 0.118 
80 101 17 18 5 0 1 0.157 3.386 0.124 
101 127 17 18 5 0 1 0.156 3.272 0.130 
127 159 17 18 5 0 1 0.152 3.396 0.138 
159 200 17 18 5 0 1 0.137 4.131 0.160 
200 252 17 18 5 0 1 0.133 4.264 0.171 
252 317 17 18 5 0 1 0.123 4.770 0.192 
317 399 17 18 5 0 1 0.112 5.475 0.216 
399 502 17 18 5 0 1 0.083 7.218 0.258 
502 632 17 18 5 0 1 0.052 9.687 0.307 
632 795 17 18 5 0 1 0.000 13.912 0.378 
795 1000 17 18 5 0 1 0.000 13.877 0.401 
1000 4000 17 18 5 0 1 0.000 17.091 0.435 
20 26 18 19 5 0 1 0.161 3.506 0.096 
26 32 18 19 5 0 1 0.161 3.462 0.100 
32 40 18 19 5 0 1 0.160 3.384 0.104 
40 51 18 19 5 0 1 0.159 3.386 0.109 
51 64 18 19 5 0 1 0.157 3.509 0.113 
64 80 18 19 5 0 1 0.159 3.217 0.118 
80 101 18 19 5 0 1 0.157 3.291 0.122 
101 127 18 19 5 0 1 0.155 3.310 0.128 
127 159 18 19 5 0 1 0.142 3.935 0.147 
159 200 18 19 5 0 1 0.139 4.028 0.157 
200 252 18 19 5 0 1 0.132 4.271 0.171 
252 317 18 19 5 0 1 0.120 4.883 0.194 
317 399 18 19 5 0 1 0.109 5.560 0.217 
399 502 18 19 5 0 1 0.079 7.575 0.263 
502 632 18 19 5 0 1 0.050 9.774 0.305 
632 795 18 19 5 0 1 0.000 13.360 0.379 
795 1000 18 19 5 0 1 0.000 14.327 0.402 
1000 4000 18 19 5 0 1 0.000 15.012 0.434 
20 26 19 20 5 0 1 0.162 3.191 0.091 
26 32 19 20 5 0 1 0.161 3.153 0.095 
32 40 19 20 5 0 1 0.161 3.173 0.099 
40 51 19 20 5 0 1 0.161 3.171 0.104 
51 64 19 20 5 0 1 0.159 3.203 0.110 
64 80 19 20 5 0 1 0.159 3.204 0.114 
80 101 19 20 5 0 1 0.156 3.276 0.122 
101 127 19 20 5 0 1 0.155 3.191 0.127 
127 159 19 20 5 0 1 0.152 3.353 0.136 
159 200 19 20 5 0 1 0.137 4.116 0.157 
200 252 19 20 5 0 1 0.134 4.188 0.169 
252 317 19 20 5 0 1 0.124 4.649 0.189 
317 399 19 20 5 0 1 0.111 5.512 0.215 
399 502 19 20 5 0 1 0.095 6.681 0.245 
502 632 19 20 5 0 1 0.050 9.574 0.307 
632 795 19 20 5 0 1 0.000 13.835 0.378 
795 1000 19 20 5 0 1 0.000 15.042 0.399 
1000 4000 19 20 5 0 1 0.000 15.433 0.431 
20 26 20 21 5 0 1 0.161 3.130 0.089 
26 32 20 21 5 0 1 0.161 3.100 0.093 
32 40 20 21 5 0 1 0.160 3.104 0.097 
40 51 20 21 5 0 1 0.160 3.026 0.102 
51 64 20 21 5 0 1 0.160 3.054 0.107 
64 80 20 21 5 0 1 0.158 3.171 0.114 
80 101 20 21 5 0 1 0.157 3.142 0.119 
101 127 20 21 5 0 1 0.155 3.168 0.125 
127 159 20 21 5 0 1 0.140 3.949 0.145 
159 200 20 21 5 0 1 0.134 4.207 0.158 
200 252 20 21 5 0 1 0.134 4.060 0.168 
252 317 20 21 5 0 1 0.128 4.406 0.183 
317 399 20 21 5 0 1 0.116 5.157 0.206 
399 502 20 21 5 0 1 0.091 6.757 0.249 
502 632 20 21 5 0 1 0.073 7.948 0.286 
632 795 20 21 5 0 1 0.000 13.235 0.376 
795 1000 20 21 5 0 1 0.000 14.220 0.396 
1000 4000 20 21 5 0 1 0.000 15.530 0.428 
20 26 21 22 5 0 1 0.161 2.972 0.085 
26 32 21 22 5 0 1 0.159 3.101 0.091 
32 40 21 22 5 0 1 0.160 2.964 0.094 
40 51 21 22 5 0 1 0.159 3.058 0.099 
51 64 21 22 5 0 1 0.160 2.948 0.104 
64 80 21 22 5 0 1 0.158 3.058 0.110 
80 101 21 22 5 0 1 0.158 2.964 0.115 
101 127 21 22 5 0 1 0.154 3.216 0.125 
127 159 21 22 5 0 1 0.140 3.948 0.144 
159 200 21 22 5 0 1 0.137 3.960 0.155 
200 252 21 22 5 0 1 0.131 4.282 0.169 
252 317 21 22 5 0 1 0.125 4.486 0.187 
317 399 21 22 5 0 1 0.114 5.214 0.210 
399 502 21 22 5 0 1 0.092 6.729 0.247 
502 632 21 22 5 0 1 0.064 8.426 0.292 
632 795 21 22 5 0 1 0.000 13.816 0.377 
795 1000 21 22 5 0 1 0.000 14.094 0.397 
1000 4000 21 22 5 0 1 0.000 17.679 0.438 
20 26 22 23 5 0 1 0.163 2.631 0.080 
26 32 22 23 5 0 1 0.163 2.596 0.084 
32 40 22 23 5 0 1 0.160 2.915 0.091 
40 51 22 23 5 0 1 0.159 2.882 0.098 
51 64 22 23 5 0 1 0.159 2.986 0.103 
64 80 22 23 5 0 1 0.158 2.999 0.109 
80 101 22 23 5 0 1 0.155 3.111 0.116 
101 127 22 23 5 0 1 0.156 3.052 0.121 
127 159 22 23 5 0 1 0.141 3.785 0.141 
159 200 22 23 5 0 1 0.136 3.947 0.154 
200 252 22 23 5 0 1 0.131 4.297 0.168 
252 317 22 23 5 0 1 0.122 4.643 0.188 
317 399 22 23 5 0 1 0.117 4.855 0.207 
399 502 22 23 5 0 1 0.105 5.739 0.233 
502 632 22 23 5 0 1 0.049 9.220 0.303 
632 795 22 23 5 0 1 0.000 13.525 0.379 
795 1000 22 23 5 0 1 0.000 14.237 0.402 
1000 4000 22 23 5 0 1 0.000 16.937 0.430 
20 26 23 24 5 0 1 0.161 2.611 0.077 
26 32 23 24 5 0 1 0.161 2.715 0.082 
32 40 23 24 5 0 1 0.160 2.729 0.089 
40 51 23 24 5 0 1 0.160 2.730 0.092 
51 64 23 24 5 0 1 0.158 2.917 0.101 
64 80 23 24 5 0 1 0.160 2.780 0.105 
80 101 23 24 5 0 1 0.158 2.875 0.112 
101 127 23 24 5 0 1 0.155 3.081 0.121 
127 159 23 24 5 0 1 0.140 3.839 0.142 
159 200 23 24 5 0 1 0.137 3.863 0.152 
200 252 23 24 5 0 1 0.132 4.165 0.166 
252 317 23 24 5 0 1 0.120 4.809 0.190 
317 399 23 24 5 0 1 0.116 5.005 0.206 
399 502 23 24 5 0 1 0.086 6.829 0.252 
502 632 23 24 5 0 1 0.066 8.583 0.289 
632 795 23 24 5 0 1 0.021 12.176 0.353 
795 1000 23 24 5 0 1 0.000 14.311 0.399 
1000 4000 23 24 5 0 1 0.000 17.064 0.439 
20 26 24 25 5 0 1 0.163 2.353 0.073 
26 32 24 25 5 0 1 0.160 2.586 0.079 
32 40 24 25 5 0 1 0.159 2.613 0.086 
40 51 24 25 5 0 1 0.144 3.865 0.105 
51 64 24 25 5 0 1 0.160 2.704 0.097 
64 80 24 25 5 0 1 0.156 2.966 0.105 
80 101 24 25 5 0 1 0.157 2.927 0.110 
101 127 24 25 5 0 1 0.142 3.739 0.131 
127 159 24 25 5 0 1 0.139 3.824 0.142 
159 200 24 25 5 0 1 0.136 3.867 0.151 
200 252 24 25 5 0 1 0.129 4.265 0.167 
252 317 24 25 5 0 1 0.118 4.928 0.189 
317 399 24 25 5 0 1 0.106 5.632 0.213 
399 502 24 25 5 0 1 0.103 6.091 0.233 
502 632 24 25 5 0 1 0.049 9.279 0.305 
632 795 24 25 5 0 1 0.000 13.664 0.371 
795 1000 24 25 5 0 1 0.000 13.764 0.405 
1000 4000 24 25 5 0 1 0.000 15.095 0.426 
20 26 25 26 5 0 1 0.163 2.279 0.071 
26 32 25 26 5 0 1 0.143 3.830 0.093 
32 40 25 26 5 0 1 0.162 2.395 0.080 
40 51 25 26 5 0 1 0.142 3.860 0.105 
51 64 25 26 5 0 1 0.158 2.660 0.095 
64 80 25 26 5 0 1 0.143 3.685 0.116 
80 101 25 26 5 0 1 0.157 2.821 0.109 
101 127 25 26 5 0 1 0.141 3.775 0.131 
127 159 25 26 5 0 1 0.141 3.670 0.137 
159 200 25 26 5 0 1 0.135 4.009 0.152 
200 252 25 26 5 0 1 0.129 4.247 0.166 
252 317 25 26 5 0 1 0.121 4.764 0.187 
317 399 25 26 5 0 1 0.108 5.403 0.213 
399 502 25 26 5 0 1 0.087 6.743 0.248 
502 632 25 26 5 0 1 0.030 10.724 0.324 
632 795 25 26 5 0 1 0.000 13.067 0.374 
795 1000 25 26 5 0 1 0.000 13.458 0.400 
1000 4000 25 26 5 0 1 0.000 18.020 0.435 
20 26 26 27 5 0 1 0.143 3.625 0.084 
26 32 26 27 5 0 1 0.141 3.863 0.093 
32 40 26 27 5 0 1 0.142 3.664 0.095 
40 51 26 27 5 0 1 0.142 3.778 0.103 
51 64 26 27 5 0 1 0.159 2.601 0.092 
64 80 26 27 5 0 1 0.143 3.563 0.114 
80 101 26 27 5 0 1 0.157 2.798 0.108 
101 127 26 27 5 0 1 0.140 3.729 0.130 
127 159 26 27 5 0 1 0.136 3.972 0.139 
159 200 26 27 5 0 1 0.136 3.822 0.148 
200 252 26 27 5 0 1 0.132 4.030 0.162 
252 317 26 27 5 0 1 0.124 4.562 0.184 
317 399 26 27 5 0 1 0.102 5.793 0.218 
399 502 26 27 5 0 1 0.076 7.529 0.260 
502 632 26 27 5 0 1 0.041 10.051 0.311 
632 795 26 27 5 0 1 0.000 13.824 0.374 
795 1000 26 27 5 0 1 0.000 13.475 0.403 
1000 4000 26 27 5 0 1 0.000 15.747 0.442 
20 26 27 28 5 0 1 0.141 3.951 0.083 
26 32 27 28 5 0 1 0.141 3.468 0.090 
32 40 27 28 5 0 1 0.141 3.592 0.095 
40 51 27 28 5 0 1 0.142 3.646 0.100 
51 64 27 28 5 0 1 0.141 3.715 0.108 
64 80 27 28 5 0 1 0.141 3.743 0.113 
80 101 27 28 5 0 1 0.142 3.598 0.120 
101 127 27 28 5 0 1 0.139 3.685 0.129 
127 159 27 28 5 0 1 0.139 3.670 0.137 
159 200 27 28 5 0 1 0.133 4.049 0.151 
200 252 27 28 5 0 1 0.130 4.036 0.164 
252 317 27 28 5 0 1 0.126 4.384 0.180 
317 399 27 28 5 0 1 0.111 5.117 0.206 
399 502 27 28 5 0 1 0.082 7.121 0.255 
502 632 27 28 5 0 1 0.073 7.259 0.278 
632 795 27 28 5 0 1 0.000 13.372 0.373 
795 1000 27 28 5 0 1 0.000 13.776 0.393 
1000 4000 27 28 5 0 1 0.000 16.283 0.432 
20 26 28 29 5 0 1 0.142 3.456 0.079 
26 32 28 29 5 0 1 0.141 3.476 0.085 
32 40 28 29 5 0 1 0.143 3.358 0.090 
40 51 28 29 5 0 1 0.141 3.502 0.097 
51 64 28 29 5 0 1 0.141 3.581 0.105 
64 80 28 29 5 0 1 0.140 3.721 0.113 
80 101 28 29 5 0 1 0.141 3.574 0.119 
101 127 28 29 5 0 1 0.140 3.527 0.126 
127 159 28 29 5 0 1 0.140 3.553 0.134 
159 200 28 29 5 0 1 0.137 3.779 0.144 
200 252 28 29 5 0 1 0.127 4.145 0.165 
252 317 28 29 5 0 1 0.121 4.767 0.181 
317 399 28 29 5 0 1 0.112 5.040 0.207 
399 502 28 29 5 0 1 0.095 6.372 0.238 
502 632 28 29 5 0 1 0.058 8.610 0.290 
632 795 28 29 5 0 1 0.000 13.213 0.371 
795 1000 28 29 5 0 1 0.000 14.168 0.396 
1000 4000 28 29 5 0 1 0.000 16.337 0.432 
20 26 29 30 5 0 1 0.167 1.539 0.054 
26 32 29 30 5 0 1 0.142 3.215 0.083 
32 40 29 30 5 0 1 0.141 3.383 0.089 
40 51 29 30 5 0 1 0.140 3.502 0.096 
51 64 29 30 5 0 1 0.141 3.402 0.102 
64 80 29 30 5 0 1 0.140 3.610 0.111 
80 101 29 30 5 0 1 0.141 3.482 0.117 
101 127 29 30 5 0 1 0.139 3.616 0.125 
127 159 29 30 5 0 1 0.135 3.926 0.137 
159 200 29 30 5 0 1 0.134 3.888 0.148 
200 252 29 30 5 0 1 0.125 4.355 0.166 
252 317 29 30 5 0 1 0.124 4.364 0.182 
317 399 29 30 5 0 1 0.113 4.945 0.201 
399 502 29 30 5 0 1 0.076 7.778 0.256 
502 632 29 30 5 0 1 0.051 8.966 0.301 
632 795 29 30 5 0 1 0.000 12.645 0.369 
795 1000 29 30 5 0 1 0.000 15.457 0.392 
1000 4000 29 30 5 0 1 0.000 15.860 0.440 
20 26 30 31 5 0 1 0.143 3.201 0.070 
26 32 30 31 5 0 1 0.142 3.315 0.079 
32 40 30 31 5 0 1 0.141 3.327 0.086 
40 51 30 31 5 0 1 0.141 3.290 0.093 
51 64 30 31 5 0 1 0.141 3.347 0.100 
64 80 30 31 5 0 1 0.140 3.497 0.108 
80 101 30 31 5 0 1 0.142 3.318 0.114 
101 127 30 31 5 0 1 0.140 3.491 0.125 
127 159 30 31 5 0 1 0.138 3.478 0.134 
159 200 30 31 5 0 1 0.136 3.611 0.144 
200 252 30 31 5 0 1 0.121 4.526 0.169 
252 317 30 31 5 0 1 0.120 4.582 0.181 
317 399 30 31 5 0 1 0.098 5.961 0.218 
399 502 30 31 5 0 1 0.053 8.879 0.275 
502 632 30 31 5 0 1 0.027 11.105 0.323 
632 795 30 31 5 0 1 0.000 12.480 0.369 
795 1000 30 31 5 0 1 0.000 15.729 0.396 
1000 4000 30 31 5 0 1 0.000 16.204 0.434 
20 26 31 32 5 0 1 0.142 3.107 0.070 
26 32 31 32 5 0 1 0.142 2.961 0.077 
32 40 31 32 5 0 1 0.140 3.133 0.084 
40 51 31 32 5 0 1 0.142 3.080 0.089 
51 64 31 32 5 0 1 0.140 3.372 0.098 
64 80 31 32 5 0 1 0.139 3.499 0.107 
80 101 31 32 5 0 1 0.142 3.185 0.112 
101 127 31 32 5 0 1 0.141 3.401 0.121 
127 159 31 32 5 0 1 0.139 3.493 0.133 
159 200 31 32 5 0 1 0.136 3.849 0.143 
200 252 31 32 5 0 1 0.128 4.100 0.163 
252 317 31 32 5 0 1 0.114 5.054 0.188 
317 399 31 32 5 0 1 0.101 5.602 0.214 
399 502 31 32 5 0 1 0.089 6.724 0.239 
502 632 31 32 5 0 1 0.017 10.925 0.335 
632 795 31 32 5 0 1 0.000 13.109 0.371 
795 1000 31 32 5 0 1 0.000 14.720 0.395 
1000 4000 31 32 5 0 1 0.000 13.962 0.441 
20 26 32 33 5 0 1 0.140 3.193 0.070 
26 32 32 33 5 0 1 0.144 2.506 0.074 
32 40 32 33 5 0 1 0.137 3.574 0.084 
40 51 32 33 5 0 1 0.139 3.173 0.090 
51 64 32 33 5 0 1 0.140 3.243 0.098 
64 80 32 33 5 0 1 0.141 3.184 0.104 
80 101 32 33 5 0 1 0.138 3.556 0.112 
101 127 32 33 5 0 1 0.137 3.543 0.123 
127 159 32 33 5 0 1 0.137 3.655 0.131 
159 200 32 33 5 0 1 0.136 3.645 0.141 
200 252 32 33 5 0 1 0.129 4.030 0.159 
252 317 32 33 5 0 1 0.121 4.417 0.178 
317 399 32 33 5 0 1 0.108 5.256 0.204 
399 502 32 33 5 0 1 0.080 7.109 0.248 
502 632 32 33 5 0 1 0.093 6.305 0.262 
632 795 32 33 5 0 1 0.000 13.213 0.366 
795 1000 32 33 5 0 1 0.000 15.204 0.393 
1000 4000 32 33 5 0 1 0.000 18.260 0.448 
20 26 33 34 5 0 1 0.144 2.528 0.064 
26 32 33 34 5 0 1 0.138 3.255 0.077 
32 40 33 34 5 0 1 0.139 3.120 0.080 
40 51 33 34 5 0 1 0.137 3.374 0.089 
51 64 33 34 5 0 1 0.139 3.227 0.095 
64 80 33 34 5 0 1 0.140 3.192 0.102 
80 101 33 34 5 0 1 0.139 3.579 0.112 
101 127 33 34 5 0 1 0.139 3.418 0.121 
127 159 33 34 5 0 1 0.134 3.797 0.133 
159 200 33 34 5 0 1 0.131 3.935 0.141 
200 252 33 34 5 0 1 0.130 3.766 0.158 
252 317 33 34 5 0 1 0.115 4.681 0.183 
317 399 33 34 5 0 1 0.095 6.073 0.216 
399 502 33 34 5 0 1 0.082 7.160 0.242 
502 632 33 34 5 0 1 0.000 12.711 0.342 
632 795 33 34 5 0 1 0.000 13.005 0.370 
795 1000 33 34 5 0 1 0.000 16.371 0.389 
1000 4000 33 34 5 0 1 0.000 13.410 0.436 
20 26 34 35 5 0 1 0.143 2.516 0.064 
26 32 34 35 5 0 1 0.145 2.411 0.066 
32 40 34 35 5 0 1 0.144 2.509 0.075 
40 51 34 35 5 0 1 0.137 3.135 0.089 
51 64 34 35 5 0 1 0.139 3.157 0.093 
64 80 34 35 5 0 1 0.141 3.106 0.099 
80 101 34 35 5 0 1 0.137 3.495 0.113 
101 127 34 35 5 0 1 0.135 3.697 0.123 
127 159 34 35 5 0 1 0.133 3.766 0.129 
159 200 34 35 5 0 1 0.130 4.047 0.145 
200 252 34 35 5 0 1 0.131 3.814 0.153 
252 317 34 35 5 0 1 0.117 4.327 0.180 
317 399 34 35 5 0 1 0.119 4.415 0.194 
399 502 34 35 5 0 1 0.090 6.392 0.233 
502 632 34 35 5 0 1 0.012 10.230 0.338 
632 795 34 35 5 0 1 0.000 13.063 0.376 
795 1000 34 35 5 0 1 0.000 13.142 0.396 
1000 4000 34 35 5 0 1 0.035 8.853 0.399 
20 26 35 36 5 0 1 0.146 2.022 0.055 
26 32 35 36 5 0 1 0.123 4.306 0.084 
32 40 35 36 5 0 1 0.141 2.719 0.074 
40 51 35 36 5 0 1 0.141 2.738 0.084 
51 64 35 36 5 0 1 0.141 2.882 0.088 
64 80 35 36 5 0 1 0.137 3.234 0.102 
80 101 35 36 5 0 1 0.137 3.428 0.109 
101 127 35 36 5 0 1 0.137 3.525 0.118 
127 159 35 36 5 0 1 0.135 3.586 0.129 
159 200 35 36 5 0 1 0.132 3.644 0.142 
200 252 35 36 5 0 1 0.122 4.194 0.163 
252 317 35 36 5 0 1 0.129 3.800 0.166 
317 399 35 36 5 0 1 0.119 4.515 0.191 
399 502 35 36 5 0 1 0.123 4.385 0.202 
502 632 35 36 5 0 1 0.000 11.087 0.353 
632 795 35 36 5 0 1 0.000 13.466 0.372 
795 1000 35 36 5 0 1 0.000 12.233 0.388 
1000 4000 35 36 5 0 1 0.225 1.708 0.302 
20 26 36 37 5 0 1 0.144 2.405 0.055 
26 32 36 37 5 0 1 0.145 2.113 0.060 
32 40 36 37 5 0 1 0.124 4.338 0.087 
40 51 36 37 5 0 1 0.137 3.173 0.082 
51 64 36 37 5 0 1 0.137 3.242 0.092 
64 80 36 37 5 0 1 0.141 3.027 0.096 
80 101 36 37 5 0 1 0.142 2.862 0.101 
101 127 36 37 5 0 1 0.136 3.391 0.120 
127 159 36 37 5 0 1 0.136 3.525 0.128 
159 200 36 37 5 0 1 0.120 4.538 0.155 
200 252 36 37 5 0 1 0.127 4.247 0.155 
252 317 36 37 5 0 1 0.123 4.126 0.171 
317 399 36 37 5 0 1 0.097 6.056 0.212 
399 502 36 37 5 0 1 0.094 6.350 0.233 
502 632 36 37 5 0 1 0.000 12.374 0.349 
632 795 36 37 5 0 1 0.000 13.400 0.369 
795 1000 36 37 5 0 1 0.000 16.592 0.411 
1000 4000 36 37 5 0 1 0.000 5.444 0.483 
20 26 37 38 5 0 1 0.146 2.029 0.051 
26 32 37 38 5 0 1 0.128 3.400 0.075 
32 40 37 38 5 0 1 0.143 2.318 0.069 
40 51 37 38 5 0 1 0.142 2.418 0.078 
51 64 37 38 5 0 1 0.142 2.573 0.084 
64 80 37 38 5 0 1 0.137 3.079 0.098 
80 101 37 38 5 0 1 0.138 3.080 0.103 
101 127 37 38 5 0 1 0.158 2.244 0.094 
127 159 37 38 5 0 1 0.137 3.386 0.125 
159 200 37 38 5 0 1 0.131 3.858 0.137 
200 252 37 38 5 0 1 0.133 3.565 0.147 
252 317 37 38 5 0 1 0.122 4.144 0.175 
317 399 37 38 5 0 1 0.000 1.000 0.990 
399 502 37 38 5 0 1 0.070 7.127 0.253 
502 632 37 38 5 0 1 0.022 11.552 0.317 
632 795 37 38 5 0 1 0.104 6.965 0.263 
795 1000 37 38 5 0 1 0.000 12.745 0.400 
1000 4000 37 38 5 0 1 0.000 14.977 0.442 
20 26 38 39 5 0 1 0.135 3.634 0.056 
26 32 38 39 5 0 1 0.142 2.574 0.060 
32 40 38 39 5 0 1 0.146 1.892 0.060 
40 51 38 39 5 0 1 0.141 2.574 0.073 
51 64 38 39 5 0 1 0.141 2.652 0.083 
64 80 38 39 5 0 1 0.125 3.940 0.104 
80 101 38 39 5 0 1 0.125 4.302 0.111 
101 127 38 39 5 0 1 0.135 3.320 0.113 
127 159 38 39 5 0 1 0.122 4.091 0.134 
159 200 38 39 5 0 1 0.135 3.387 0.133 
200 252 38 39 5 0 1 0.133 3.487 0.144 
252 317 38 39 5 0 1 0.132 3.671 0.161 
317 399 38 39 5 0 1 0.102 5.205 0.202 
399 502 38 39 5 0 1 0.099 5.982 0.222 
502 632 38 39 5 0 1 0.031 9.462 0.319 
632 795 38 39 5 0 1 0.044 9.548 0.321 
795 1000 38 39 5 0 1 0.000 7.989 0.402 
1000 4000 38 39 5 0 1 0.000 8.655 0.449 
20 26 39 100 5 0 1 0.123 3.126 0.066 
26 32 39 100 5 0 1 0.140 2.178 0.055 
32 40 39 100 5 0 1 0.120 3.761 0.080 
40 51 39 100 5 0 1 0.124 3.288 0.084 
51 64 39 100 5 0 1 0.121 3.951 0.095 
64 80 39 100 5 0 1 0.120 3.950 0.104 
80 101 39 100 5 0 1 0.136 3.029 0.099 
101 127 39 100 5 0 1 0.135 3.155 0.110 
127 159 39 100 5 0 1 0.124 3.748 0.129 
159 200 39 100 5 0 1 0.119 4.327 0.146 
200 252 39 100 5 0 1 0.124 3.869 0.151 
252 317 39 100 5 0 1 0.113 4.412 0.174 
317 399 39 100 5 0 1 0.102 5.188 0.200 
399 502 39 100 5 0 1 0.067 8.044 0.251 
502 632 39 100 5 0 1 0.045 9.089 0.295 
632 795 39 100 5 0 1 0.000 13.699 0.364 
795 1000 39 100 5 0 1 0.000 13.445 0.386 
1000 4000 39 100 5 0 1 0.165 5.660 0.258 
