[quark]
{2 JetPt Rho 1 x TMath::Exp(-1.*x*[0]/[1])*TMath::Power(x,[0]-1)*TMath::Power([1]/[0],-1.*[0])/TMath::Gamma([0]) Correction QGL_nCharged_quark}
20 26 0 1 4 0 100 7.211 5.803 
26 32 0 1 4 0 100 2.187 1.565 
32 40 0 1 4 0 100 20.000 10.299 
40 51 0 1 4 0 100 2.230 3.936 
51 64 0 1 4 0 100 20.000 10.377 
64 80 0 1 4 0 100 20.000 8.472 
80 101 0 1 4 0 100 4.972 10.242 
101 127 0 1 4 0 100 15.386 7.390 
127 159 0 1 4 0 100 9.362 6.570 
159 200 0 1 4 0 100 3.677 11.356 
200 252 0 1 4 0 100 8.190 12.308 
252 317 0 1 4 0 100 4.592 19.291 
317 399 0 1 4 0 100 7.159 17.770 
399 502 0 1 4 0 100 3.560 11.605 
502 632 0 1 4 0 100 5.425 16.698 
632 795 0 1 4 0 100 20.000 17.425 
795 1000 0 1 4 0 100 20.000 23.154 
1000 4000 0 1 4 0 100 20.000 9.108 
20 26 1 2 4 0 100 3.897 7.256 
26 32 1 2 4 0 100 4.134 6.693 
32 40 1 2 4 0 100 10.962 7.783 
40 51 1 2 4 0 100 3.226 9.093 
51 64 1 2 4 0 100 2.464 11.630 
64 80 1 2 4 0 100 7.424 10.641 
80 101 1 2 4 0 100 8.842 9.084 
101 127 1 2 4 0 100 3.125 14.681 
127 159 1 2 4 0 100 3.668 14.813 
159 200 1 2 4 0 100 2.156 19.185 
200 252 1 2 4 0 100 2.668 15.730 
252 317 1 2 4 0 100 3.223 18.702 
317 399 1 2 4 0 100 2.639 21.115 
399 502 1 2 4 0 100 2.674 24.774 
502 632 1 2 4 0 100 3.825 19.234 
632 795 1 2 4 0 100 2.836 18.344 
795 1000 1 2 4 0 100 5.920 19.465 
1000 4000 1 2 4 0 100 3.819 19.602 
20 26 2 3 4 0 100 3.276 6.625 
26 32 2 3 4 0 100 4.727 8.005 
32 40 2 3 4 0 100 4.421 9.042 
40 51 2 3 4 0 100 7.759 9.693 
51 64 2 3 4 0 100 5.075 10.284 
64 80 2 3 4 0 100 6.181 11.548 
80 101 2 3 4 0 100 6.368 11.205 
101 127 2 3 4 0 100 7.786 13.048 
127 159 2 3 4 0 100 7.628 13.328 
159 200 2 3 4 0 100 6.397 14.252 
200 252 2 3 4 0 100 5.046 15.592 
252 317 2 3 4 0 100 6.236 16.645 
317 399 2 3 4 0 100 6.632 18.223 
399 502 2 3 4 0 100 3.372 18.051 
502 632 2 3 4 0 100 3.568 22.961 
632 795 2 3 4 0 100 2.658 21.674 
795 1000 2 3 4 0 100 2.781 27.383 
1000 4000 2 3 4 0 100 3.621 23.412 
20 26 3 4 4 0 100 7.081 7.956 
26 32 3 4 4 0 100 5.324 8.446 
32 40 3 4 4 0 100 6.356 8.863 
40 51 3 4 4 0 100 6.638 9.877 
51 64 3 4 4 0 100 7.830 10.178 
64 80 3 4 4 0 100 7.547 10.997 
80 101 3 4 4 0 100 8.499 11.700 
101 127 3 4 4 0 100 6.864 12.648 
127 159 3 4 4 0 100 7.695 13.755 
159 200 3 4 4 0 100 6.238 14.955 
200 252 3 4 4 0 100 5.469 17.054 
252 317 3 4 4 0 100 7.399 17.776 
317 399 3 4 4 0 100 6.134 18.082 
399 502 3 4 4 0 100 5.249 20.213 
502 632 3 4 4 0 100 6.298 20.808 
632 795 3 4 4 0 100 4.951 23.765 
795 1000 3 4 4 0 100 3.475 25.419 
1000 4000 3 4 4 0 100 3.351 26.057 
20 26 4 5 4 0 100 7.921 8.868 
26 32 4 5 4 0 100 8.022 8.976 
32 40 4 5 4 0 100 8.660 9.779 
40 51 4 5 4 0 100 8.365 10.694 
51 64 4 5 4 0 100 8.892 11.169 
64 80 4 5 4 0 100 10.060 12.249 
80 101 4 5 4 0 100 8.514 12.947 
101 127 4 5 4 0 100 7.764 13.942 
127 159 4 5 4 0 100 8.764 14.577 
159 200 4 5 4 0 100 7.304 16.003 
200 252 4 5 4 0 100 7.494 17.110 
252 317 4 5 4 0 100 6.269 18.482 
317 399 4 5 4 0 100 5.918 19.631 
399 502 4 5 4 0 100 6.336 20.261 
502 632 4 5 4 0 100 6.413 21.963 
632 795 4 5 4 0 100 5.425 22.928 
795 1000 4 5 4 0 100 4.187 23.329 
1000 4000 4 5 4 0 100 3.917 28.278 
20 26 5 6 4 0 100 9.550 9.325 
26 32 5 6 4 0 100 10.206 9.764 
32 40 5 6 4 0 100 8.760 10.470 
40 51 5 6 4 0 100 8.723 11.252 
51 64 5 6 4 0 100 10.001 11.806 
64 80 5 6 4 0 100 8.067 12.969 
80 101 5 6 4 0 100 9.036 13.981 
101 127 5 6 4 0 100 8.294 14.426 
127 159 5 6 4 0 100 7.969 15.641 
159 200 5 6 4 0 100 7.587 16.730 
200 252 5 6 4 0 100 7.622 18.435 
252 317 5 6 4 0 100 6.647 19.499 
317 399 5 6 4 0 100 6.366 20.852 
399 502 5 6 4 0 100 5.960 21.813 
502 632 5 6 4 0 100 6.312 22.287 
632 795 5 6 4 0 100 5.476 23.365 
795 1000 5 6 4 0 100 6.123 24.264 
1000 4000 5 6 4 0 100 5.581 25.084 
20 26 6 7 4 0 100 9.964 10.128 
26 32 6 7 4 0 100 9.720 10.790 
32 40 6 7 4 0 100 9.442 11.491 
40 51 6 7 4 0 100 9.676 11.963 
51 64 6 7 4 0 100 9.941 12.714 
64 80 6 7 4 0 100 9.444 13.542 
80 101 6 7 4 0 100 9.047 14.349 
101 127 6 7 4 0 100 8.233 15.643 
127 159 6 7 4 0 100 9.248 16.558 
159 200 6 7 4 0 100 8.518 17.875 
200 252 6 7 4 0 100 8.088 18.942 
252 317 6 7 4 0 100 7.308 20.165 
317 399 6 7 4 0 100 7.030 21.372 
399 502 6 7 4 0 100 6.663 22.841 
502 632 6 7 4 0 100 6.167 23.288 
632 795 6 7 4 0 100 6.247 24.478 
795 1000 6 7 4 0 100 5.922 24.574 
1000 4000 6 7 4 0 100 6.424 26.401 
20 26 7 8 4 0 100 10.449 10.707 
26 32 7 8 4 0 100 9.177 11.732 
32 40 7 8 4 0 100 10.106 12.222 
40 51 7 8 4 0 100 9.894 12.942 
51 64 7 8 4 0 100 9.806 13.849 
64 80 7 8 4 0 100 9.997 14.165 
80 101 7 8 4 0 100 9.617 15.374 
101 127 7 8 4 0 100 9.454 16.326 
127 159 7 8 4 0 100 9.177 17.372 
159 200 7 8 4 0 100 8.610 18.689 
200 252 7 8 4 0 100 8.297 19.772 
252 317 7 8 4 0 100 7.343 21.018 
317 399 7 8 4 0 100 7.353 22.454 
399 502 7 8 4 0 100 6.856 23.215 
502 632 7 8 4 0 100 6.868 24.343 
632 795 7 8 4 0 100 6.291 26.235 
795 1000 7 8 4 0 100 6.684 26.043 
1000 4000 7 8 4 0 100 6.458 26.415 
20 26 8 9 4 0 100 10.413 11.325 
26 32 8 9 4 0 100 10.944 12.452 
32 40 8 9 4 0 100 10.808 12.904 
40 51 8 9 4 0 100 11.199 13.611 
51 64 8 9 4 0 100 11.147 14.480 
64 80 8 9 4 0 100 10.424 15.175 
80 101 8 9 4 0 100 10.201 16.134 
101 127 8 9 4 0 100 9.947 17.035 
127 159 8 9 4 0 100 10.011 18.108 
159 200 8 9 4 0 100 8.845 19.403 
200 252 8 9 4 0 100 8.598 20.433 
252 317 8 9 4 0 100 8.351 21.876 
317 399 8 9 4 0 100 7.754 23.068 
399 502 8 9 4 0 100 7.456 24.622 
502 632 8 9 4 0 100 7.364 25.187 
632 795 8 9 4 0 100 6.927 25.961 
795 1000 8 9 4 0 100 6.894 26.576 
1000 4000 8 9 4 0 100 6.667 27.605 
20 26 9 10 4 0 100 12.150 12.160 
26 32 9 10 4 0 100 12.844 13.056 
32 40 9 10 4 0 100 11.747 13.783 
40 51 9 10 4 0 100 11.353 14.419 
51 64 9 10 4 0 100 11.188 15.144 
64 80 9 10 4 0 100 11.180 15.957 
80 101 9 10 4 0 100 10.805 16.824 
101 127 9 10 4 0 100 10.872 17.909 
127 159 9 10 4 0 100 10.013 18.937 
159 200 9 10 4 0 100 9.702 20.043 
200 252 9 10 4 0 100 9.378 21.294 
252 317 9 10 4 0 100 8.540 22.602 
317 399 9 10 4 0 100 8.135 23.872 
399 502 9 10 4 0 100 7.467 25.323 
502 632 9 10 4 0 100 7.324 26.256 
632 795 9 10 4 0 100 7.243 27.253 
795 1000 9 10 4 0 100 7.012 27.969 
1000 4000 9 10 4 0 100 7.012 28.116 
20 26 10 11 4 0 100 12.789 13.118 
26 32 10 11 4 0 100 11.756 13.832 
32 40 10 11 4 0 100 12.119 14.484 
40 51 10 11 4 0 100 12.937 15.256 
51 64 10 11 4 0 100 12.066 15.988 
64 80 10 11 4 0 100 12.156 16.818 
80 101 10 11 4 0 100 11.456 17.794 
101 127 10 11 4 0 100 10.695 18.735 
127 159 10 11 4 0 100 10.752 19.910 
159 200 10 11 4 0 100 9.967 20.859 
200 252 10 11 4 0 100 9.582 22.107 
252 317 10 11 4 0 100 8.451 23.525 
317 399 10 11 4 0 100 8.163 24.911 
399 502 10 11 4 0 100 8.114 26.035 
502 632 10 11 4 0 100 7.378 27.111 
632 795 10 11 4 0 100 7.388 27.756 
795 1000 10 11 4 0 100 7.723 28.442 
1000 4000 10 11 4 0 100 6.860 29.896 
20 26 11 12 4 0 100 13.092 13.876 
26 32 11 12 4 0 100 12.304 14.734 
32 40 11 12 4 0 100 12.914 15.228 
40 51 11 12 4 0 100 12.574 15.941 
51 64 11 12 4 0 100 13.153 16.832 
64 80 11 12 4 0 100 12.693 17.606 
80 101 11 12 4 0 100 11.916 18.480 
101 127 11 12 4 0 100 11.349 19.481 
127 159 11 12 4 0 100 11.560 20.508 
159 200 11 12 4 0 100 10.463 21.599 
200 252 11 12 4 0 100 10.034 23.105 
252 317 11 12 4 0 100 9.303 24.351 
317 399 11 12 4 0 100 8.642 25.510 
399 502 11 12 4 0 100 8.047 26.825 
502 632 11 12 4 0 100 8.095 27.880 
632 795 11 12 4 0 100 7.360 28.806 
795 1000 11 12 4 0 100 7.934 28.990 
1000 4000 11 12 4 0 100 7.707 30.025 
20 26 12 13 4 0 100 13.318 14.587 
26 32 12 13 4 0 100 13.097 15.323 
32 40 12 13 4 0 100 13.736 16.029 
40 51 12 13 4 0 100 13.764 16.671 
51 64 12 13 4 0 100 13.522 17.495 
64 80 12 13 4 0 100 13.140 18.264 
80 101 12 13 4 0 100 12.926 19.245 
101 127 12 13 4 0 100 11.923 20.330 
127 159 12 13 4 0 100 11.538 21.257 
159 200 12 13 4 0 100 11.030 22.461 
200 252 12 13 4 0 100 9.997 23.843 
252 317 12 13 4 0 100 9.681 25.129 
317 399 12 13 4 0 100 9.197 26.504 
399 502 12 13 4 0 100 8.619 27.730 
502 632 12 13 4 0 100 8.247 28.566 
632 795 12 13 4 0 100 8.528 29.198 
795 1000 12 13 4 0 100 7.715 30.251 
1000 4000 12 13 4 0 100 7.940 31.216 
20 26 13 14 4 0 100 14.519 15.384 
26 32 13 14 4 0 100 13.731 16.071 
32 40 13 14 4 0 100 14.452 16.889 
40 51 13 14 4 0 100 13.845 17.445 
51 64 13 14 4 0 100 14.243 18.267 
64 80 13 14 4 0 100 14.126 19.061 
80 101 13 14 4 0 100 12.943 20.100 
101 127 13 14 4 0 100 12.662 21.010 
127 159 13 14 4 0 100 12.694 22.027 
159 200 13 14 4 0 100 11.647 23.180 
200 252 13 14 4 0 100 10.913 24.457 
252 317 13 14 4 0 100 10.054 25.796 
317 399 13 14 4 0 100 9.621 27.194 
399 502 13 14 4 0 100 8.841 28.426 
502 632 13 14 4 0 100 8.518 29.739 
632 795 13 14 4 0 100 8.178 30.488 
795 1000 13 14 4 0 100 8.481 31.037 
1000 4000 13 14 4 0 100 8.277 31.304 
20 26 14 15 4 0 100 14.693 16.201 
26 32 14 15 4 0 100 14.334 16.820 
32 40 14 15 4 0 100 15.095 17.594 
40 51 14 15 4 0 100 15.073 18.209 
51 64 14 15 4 0 100 14.412 19.006 
64 80 14 15 4 0 100 14.158 19.924 
80 101 14 15 4 0 100 13.759 20.758 
101 127 14 15 4 0 100 13.272 21.876 
127 159 14 15 4 0 100 12.726 22.758 
159 200 14 15 4 0 100 12.026 24.073 
200 252 14 15 4 0 100 11.161 25.408 
252 317 14 15 4 0 100 10.534 26.611 
317 399 14 15 4 0 100 9.731 27.975 
399 502 14 15 4 0 100 9.199 29.191 
502 632 14 15 4 0 100 9.005 30.382 
632 795 14 15 4 0 100 9.021 31.132 
795 1000 14 15 4 0 100 9.209 31.757 
1000 4000 14 15 4 0 100 8.785 32.629 
20 26 15 16 4 0 100 17.250 16.885 
26 32 15 16 4 0 100 16.049 17.632 
32 40 15 16 4 0 100 15.187 18.353 
40 51 15 16 4 0 100 15.528 19.003 
51 64 15 16 4 0 100 15.666 19.851 
64 80 15 16 4 0 100 14.704 20.610 
80 101 15 16 4 0 100 14.216 21.623 
101 127 15 16 4 0 100 13.874 22.473 
127 159 15 16 4 0 100 13.310 23.631 
159 200 15 16 4 0 100 12.389 24.934 
200 252 15 16 4 0 100 11.804 26.189 
252 317 15 16 4 0 100 11.009 27.508 
317 399 15 16 4 0 100 10.392 28.865 
399 502 15 16 4 0 100 9.884 29.988 
502 632 15 16 4 0 100 8.948 31.264 
632 795 15 16 4 0 100 8.884 32.165 
795 1000 15 16 4 0 100 8.795 32.798 
1000 4000 15 16 4 0 100 9.107 33.015 
20 26 16 17 4 0 100 17.150 17.747 
26 32 16 17 4 0 100 16.960 18.380 
32 40 16 17 4 0 100 16.537 19.053 
40 51 16 17 4 0 100 15.461 19.675 
51 64 16 17 4 0 100 15.494 20.514 
64 80 16 17 4 0 100 15.406 21.229 
80 101 16 17 4 0 100 15.085 22.250 
101 127 16 17 4 0 100 14.777 23.297 
127 159 16 17 4 0 100 14.058 24.367 
159 200 16 17 4 0 100 12.660 25.654 
200 252 16 17 4 0 100 12.133 26.917 
252 317 16 17 4 0 100 11.284 28.301 
317 399 16 17 4 0 100 10.337 29.549 
399 502 16 17 4 0 100 10.331 30.841 
502 632 16 17 4 0 100 9.301 31.977 
632 795 16 17 4 0 100 9.440 32.675 
795 1000 16 17 4 0 100 9.105 33.829 
1000 4000 16 17 4 0 100 8.892 34.517 
20 26 17 18 4 0 100 15.808 18.539 
26 32 17 18 4 0 100 16.859 19.186 
32 40 17 18 4 0 100 16.473 19.870 
40 51 17 18 4 0 100 16.436 20.600 
51 64 17 18 4 0 100 16.400 21.383 
64 80 17 18 4 0 100 15.950 22.050 
80 101 17 18 4 0 100 15.954 22.953 
101 127 17 18 4 0 100 14.539 24.040 
127 159 17 18 4 0 100 14.060 25.282 
159 200 17 18 4 0 100 13.840 26.394 
200 252 17 18 4 0 100 12.414 27.609 
252 317 17 18 4 0 100 11.736 28.945 
317 399 17 18 4 0 100 11.073 30.398 
399 502 17 18 4 0 100 10.213 31.754 
502 632 17 18 4 0 100 9.696 32.703 
632 795 17 18 4 0 100 9.574 33.593 
795 1000 17 18 4 0 100 9.412 34.327 
1000 4000 17 18 4 0 100 9.666 35.001 
20 26 18 19 4 0 100 17.728 19.371 
26 32 18 19 4 0 100 18.285 19.960 
32 40 18 19 4 0 100 17.008 20.528 
40 51 18 19 4 0 100 16.411 21.412 
51 64 18 19 4 0 100 16.410 22.022 
64 80 18 19 4 0 100 16.504 22.923 
80 101 18 19 4 0 100 16.644 23.860 
101 127 18 19 4 0 100 15.334 24.867 
127 159 18 19 4 0 100 14.961 25.860 
159 200 18 19 4 0 100 13.626 27.087 
200 252 18 19 4 0 100 12.774 28.462 
252 317 18 19 4 0 100 12.260 29.784 
317 399 18 19 4 0 100 11.030 31.273 
399 502 18 19 4 0 100 10.428 32.614 
502 632 18 19 4 0 100 10.217 33.429 
632 795 18 19 4 0 100 9.631 34.419 
795 1000 18 19 4 0 100 9.705 35.128 
1000 4000 18 19 4 0 100 9.949 35.631 
20 26 19 20 4 0 100 18.159 20.028 
26 32 19 20 4 0 100 19.424 20.630 
32 40 19 20 4 0 100 18.013 21.545 
40 51 19 20 4 0 100 17.981 22.141 
51 64 19 20 4 0 100 17.908 22.919 
64 80 19 20 4 0 100 16.765 23.621 
80 101 19 20 4 0 100 16.798 24.532 
101 127 19 20 4 0 100 15.775 25.592 
127 159 19 20 4 0 100 14.887 26.761 
159 200 19 20 4 0 100 14.278 27.927 
200 252 19 20 4 0 100 13.757 29.278 
252 317 19 20 4 0 100 13.023 30.614 
317 399 19 20 4 0 100 11.806 32.008 
399 502 19 20 4 0 100 10.813 33.443 
502 632 19 20 4 0 100 10.162 34.566 
632 795 19 20 4 0 100 10.279 35.322 
795 1000 19 20 4 0 100 10.073 36.007 
1000 4000 19 20 4 0 100 10.885 36.585 
20 26 20 21 4 0 100 18.264 21.011 
26 32 20 21 4 0 100 20.000 21.232 
32 40 20 21 4 0 100 17.532 22.275 
40 51 20 21 4 0 100 18.376 22.796 
51 64 20 21 4 0 100 17.854 23.539 
64 80 20 21 4 0 100 16.912 24.491 
80 101 20 21 4 0 100 16.979 25.264 
101 127 20 21 4 0 100 17.124 26.458 
127 159 20 21 4 0 100 15.809 27.504 
159 200 20 21 4 0 100 14.662 28.685 
200 252 20 21 4 0 100 13.643 29.895 
252 317 20 21 4 0 100 12.938 31.296 
317 399 20 21 4 0 100 11.777 32.676 
399 502 20 21 4 0 100 11.512 33.947 
502 632 20 21 4 0 100 10.454 35.378 
632 795 20 21 4 0 100 10.508 35.948 
795 1000 20 21 4 0 100 9.965 36.722 
1000 4000 20 21 4 0 100 10.245 37.395 
20 26 21 22 4 0 100 20.000 21.705 
26 32 21 22 4 0 100 18.058 22.412 
32 40 21 22 4 0 100 18.956 22.793 
40 51 21 22 4 0 100 18.182 23.721 
51 64 21 22 4 0 100 19.247 24.384 
64 80 21 22 4 0 100 18.172 25.081 
80 101 21 22 4 0 100 17.402 26.115 
101 127 21 22 4 0 100 16.916 27.121 
127 159 21 22 4 0 100 16.599 28.325 
159 200 21 22 4 0 100 15.026 29.408 
200 252 21 22 4 0 100 14.593 30.693 
252 317 21 22 4 0 100 13.371 32.177 
317 399 21 22 4 0 100 12.279 33.606 
399 502 21 22 4 0 100 11.621 34.794 
502 632 21 22 4 0 100 11.219 36.099 
632 795 21 22 4 0 100 10.619 37.062 
795 1000 21 22 4 0 100 10.709 37.498 
1000 4000 21 22 4 0 100 11.025 38.257 
20 26 22 23 4 0 100 20.000 22.485 
26 32 22 23 4 0 100 19.902 22.785 
32 40 22 23 4 0 100 19.514 23.666 
40 51 22 23 4 0 100 19.871 24.509 
51 64 22 23 4 0 100 19.209 25.193 
64 80 22 23 4 0 100 18.682 26.060 
80 101 22 23 4 0 100 17.370 26.911 
101 127 22 23 4 0 100 18.189 28.053 
127 159 22 23 4 0 100 16.851 28.976 
159 200 22 23 4 0 100 15.694 30.206 
200 252 22 23 4 0 100 14.692 31.496 
252 317 22 23 4 0 100 13.665 32.902 
317 399 22 23 4 0 100 12.479 34.347 
399 502 22 23 4 0 100 11.962 35.850 
502 632 22 23 4 0 100 11.572 36.670 
632 795 22 23 4 0 100 10.893 38.088 
795 1000 22 23 4 0 100 11.182 38.595 
1000 4000 22 23 4 0 100 10.681 38.825 
20 26 23 24 4 0 100 20.000 23.501 
26 32 23 24 4 0 100 20.000 23.723 
32 40 23 24 4 0 100 19.821 24.410 
40 51 23 24 4 0 100 19.499 25.108 
51 64 23 24 4 0 100 19.643 25.874 
64 80 23 24 4 0 100 18.851 26.685 
80 101 23 24 4 0 100 18.849 27.676 
101 127 23 24 4 0 100 17.934 28.538 
127 159 23 24 4 0 100 17.111 29.822 
159 200 23 24 4 0 100 15.971 31.008 
200 252 23 24 4 0 100 15.146 32.170 
252 317 23 24 4 0 100 13.881 33.898 
317 399 23 24 4 0 100 13.320 35.009 
399 502 23 24 4 0 100 12.334 36.661 
502 632 23 24 4 0 100 11.628 37.796 
632 795 23 24 4 0 100 11.384 38.546 
795 1000 23 24 4 0 100 10.777 38.582 
1000 4000 23 24 4 0 100 11.066 39.443 
20 26 24 25 4 0 100 20.000 23.846 
26 32 24 25 4 0 100 20.000 24.260 
32 40 24 25 4 0 100 20.000 25.140 
40 51 24 25 4 0 100 20.000 26.042 
51 64 24 25 4 0 100 19.826 26.705 
64 80 24 25 4 0 100 20.000 27.363 
80 101 24 25 4 0 100 19.509 28.469 
101 127 24 25 4 0 100 18.323 29.483 
127 159 24 25 4 0 100 17.102 30.461 
159 200 24 25 4 0 100 16.809 31.865 
200 252 24 25 4 0 100 15.582 33.110 
252 317 24 25 4 0 100 14.561 34.627 
317 399 24 25 4 0 100 13.371 36.043 
399 502 24 25 4 0 100 12.872 37.419 
502 632 24 25 4 0 100 11.971 38.625 
632 795 24 25 4 0 100 11.049 39.658 
795 1000 24 25 4 0 100 11.798 39.573 
1000 4000 24 25 4 0 100 11.387 40.964 
20 26 25 26 4 0 100 20.000 24.819 
26 32 25 26 4 0 100 20.000 25.291 
32 40 25 26 4 0 100 20.000 25.985 
40 51 25 26 4 0 100 20.000 26.723 
51 64 25 26 4 0 100 20.000 27.263 
64 80 25 26 4 0 100 20.000 28.207 
80 101 25 26 4 0 100 19.541 29.211 
101 127 25 26 4 0 100 19.039 30.185 
127 159 25 26 4 0 100 17.982 31.365 
159 200 25 26 4 0 100 17.558 32.499 
200 252 25 26 4 0 100 15.519 34.007 
252 317 25 26 4 0 100 15.193 35.325 
317 399 25 26 4 0 100 14.394 36.643 
399 502 25 26 4 0 100 12.946 38.076 
502 632 25 26 4 0 100 11.991 39.108 
632 795 25 26 4 0 100 11.898 40.242 
795 1000 25 26 4 0 100 11.397 40.634 
1000 4000 25 26 4 0 100 11.989 41.361 
20 26 26 27 4 0 100 20.000 25.456 
26 32 26 27 4 0 100 20.000 25.736 
32 40 26 27 4 0 100 20.000 26.566 
40 51 26 27 4 0 100 20.000 27.531 
51 64 26 27 4 0 100 20.000 28.175 
64 80 26 27 4 0 100 20.000 29.070 
80 101 26 27 4 0 100 20.000 30.058 
101 127 26 27 4 0 100 19.864 31.203 
127 159 26 27 4 0 100 18.333 32.065 
159 200 26 27 4 0 100 18.048 33.407 
200 252 26 27 4 0 100 16.836 34.814 
252 317 26 27 4 0 100 15.112 36.161 
317 399 26 27 4 0 100 14.217 37.571 
399 502 26 27 4 0 100 13.284 38.675 
502 632 26 27 4 0 100 12.568 40.301 
632 795 26 27 4 0 100 12.240 40.870 
795 1000 26 27 4 0 100 11.565 42.185 
1000 4000 26 27 4 0 100 12.284 42.483 
20 26 27 28 4 0 100 20.000 25.699 
26 32 27 28 4 0 100 20.000 26.843 
32 40 27 28 4 0 100 20.000 27.813 
40 51 27 28 4 0 100 20.000 28.335 
51 64 27 28 4 0 100 20.000 28.857 
64 80 27 28 4 0 100 20.000 29.705 
80 101 27 28 4 0 100 20.000 30.585 
101 127 27 28 4 0 100 19.604 31.778 
127 159 27 28 4 0 100 19.198 32.913 
159 200 27 28 4 0 100 18.193 34.061 
200 252 27 28 4 0 100 17.141 35.585 
252 317 27 28 4 0 100 15.507 36.991 
317 399 27 28 4 0 100 14.216 38.445 
399 502 27 28 4 0 100 13.292 39.778 
502 632 27 28 4 0 100 12.821 40.937 
632 795 27 28 4 0 100 12.211 42.167 
795 1000 27 28 4 0 100 12.793 42.750 
1000 4000 27 28 4 0 100 12.917 42.359 
20 26 28 29 4 0 100 20.000 26.664 
26 32 28 29 4 0 100 20.000 27.312 
32 40 28 29 4 0 100 20.000 28.483 
40 51 28 29 4 0 100 20.000 28.983 
51 64 28 29 4 0 100 20.000 29.586 
64 80 28 29 4 0 100 20.000 30.441 
80 101 28 29 4 0 100 20.000 31.687 
101 127 28 29 4 0 100 20.000 32.583 
127 159 28 29 4 0 100 19.362 33.512 
159 200 28 29 4 0 100 17.905 34.851 
200 252 28 29 4 0 100 17.100 36.533 
252 317 28 29 4 0 100 16.150 37.799 
317 399 28 29 4 0 100 14.530 39.273 
399 502 28 29 4 0 100 13.160 40.866 
502 632 28 29 4 0 100 12.764 42.313 
632 795 28 29 4 0 100 12.126 42.681 
795 1000 28 29 4 0 100 12.311 43.348 
1000 4000 28 29 4 0 100 11.939 42.870 
20 26 29 30 4 0 100 20.000 27.599 
26 32 29 30 4 0 100 20.000 27.940 
32 40 29 30 4 0 100 20.000 29.249 
40 51 29 30 4 0 100 20.000 29.454 
51 64 29 30 4 0 100 20.000 30.499 
64 80 29 30 4 0 100 20.000 31.267 
80 101 29 30 4 0 100 20.000 32.158 
101 127 29 30 4 0 100 20.000 33.503 
127 159 29 30 4 0 100 20.000 34.413 
159 200 29 30 4 0 100 19.289 35.651 
200 252 29 30 4 0 100 17.499 36.991 
252 317 29 30 4 0 100 16.420 38.700 
317 399 29 30 4 0 100 14.927 40.024 
399 502 29 30 4 0 100 13.849 41.605 
502 632 29 30 4 0 100 13.675 42.423 
632 795 29 30 4 0 100 13.578 43.417 
795 1000 29 30 4 0 100 13.219 44.236 
1000 4000 29 30 4 0 100 14.213 44.966 
20 26 30 31 4 0 100 20.000 29.489 
26 32 30 31 4 0 100 20.000 29.370 
32 40 30 31 4 0 100 20.000 30.312 
40 51 30 31 4 0 100 20.000 30.171 
51 64 30 31 4 0 100 20.000 31.249 
64 80 30 31 4 0 100 20.000 32.021 
80 101 30 31 4 0 100 20.000 33.071 
101 127 30 31 4 0 100 20.000 34.217 
127 159 30 31 4 0 100 20.000 35.125 
159 200 30 31 4 0 100 20.000 36.644 
200 252 30 31 4 0 100 19.021 37.907 
252 317 30 31 4 0 100 17.066 39.526 
317 399 30 31 4 0 100 15.934 40.833 
399 502 30 31 4 0 100 15.417 42.591 
502 632 30 31 4 0 100 13.869 43.276 
632 795 30 31 4 0 100 14.082 44.653 
795 1000 30 31 4 0 100 13.910 45.063 
1000 4000 30 31 4 0 100 13.790 45.103 
20 26 31 32 4 0 100 20.000 29.882 
26 32 31 32 4 0 100 20.000 29.857 
32 40 31 32 4 0 100 20.000 30.821 
40 51 31 32 4 0 100 20.000 30.696 
51 64 31 32 4 0 100 20.000 32.183 
64 80 31 32 4 0 100 20.000 32.580 
80 101 31 32 4 0 100 20.000 33.784 
101 127 31 32 4 0 100 20.000 34.973 
127 159 31 32 4 0 100 20.000 36.222 
159 200 31 32 4 0 100 19.264 37.325 
200 252 31 32 4 0 100 18.951 38.686 
252 317 31 32 4 0 100 17.418 40.299 
317 399 31 32 4 0 100 15.643 41.717 
399 502 31 32 4 0 100 14.269 43.125 
502 632 31 32 4 0 100 14.775 44.449 
632 795 31 32 4 0 100 13.913 44.514 
795 1000 31 32 4 0 100 15.608 44.606 
1000 4000 31 32 4 0 100 12.957 45.414 
20 26 32 33 4 0 100 20.000 30.905 
26 32 32 33 4 0 100 20.000 30.989 
32 40 32 33 4 0 100 20.000 31.280 
40 51 32 33 4 0 100 20.000 32.502 
51 64 32 33 4 0 100 20.000 33.281 
64 80 32 33 4 0 100 20.000 33.665 
80 101 32 33 4 0 100 20.000 34.669 
101 127 32 33 4 0 100 20.000 35.663 
127 159 32 33 4 0 100 20.000 36.832 
159 200 32 33 4 0 100 20.000 38.058 
200 252 32 33 4 0 100 18.254 39.631 
252 317 32 33 4 0 100 18.349 40.738 
317 399 32 33 4 0 100 16.355 42.856 
399 502 32 33 4 0 100 15.187 43.828 
502 632 32 33 4 0 100 14.988 45.111 
632 795 32 33 4 0 100 13.538 45.477 
795 1000 32 33 4 0 100 14.775 46.179 
1000 4000 32 33 4 0 100 14.336 46.124 
20 26 33 34 4 0 100 20.000 30.226 
26 32 33 34 4 0 100 20.000 32.519 
32 40 33 34 4 0 100 20.000 32.630 
40 51 33 34 4 0 100 20.000 32.947 
51 64 33 34 4 0 100 20.000 34.062 
64 80 33 34 4 0 100 20.000 34.169 
80 101 33 34 4 0 100 20.000 35.542 
101 127 33 34 4 0 100 20.000 36.255 
127 159 33 34 4 0 100 20.000 37.817 
159 200 33 34 4 0 100 20.000 39.240 
200 252 33 34 4 0 100 18.952 40.451 
252 317 33 34 4 0 100 17.827 42.018 
317 399 33 34 4 0 100 17.607 43.818 
399 502 33 34 4 0 100 15.784 44.420 
502 632 33 34 4 0 100 14.837 45.680 
632 795 33 34 4 0 100 13.613 46.712 
795 1000 33 34 4 0 100 15.250 45.537 
1000 4000 33 34 4 0 100 15.756 47.075 
20 26 34 35 4 0 100 17.700 32.238 
26 32 34 35 4 0 100 20.000 33.307 
32 40 34 35 4 0 100 20.000 33.672 
40 51 34 35 4 0 100 20.000 33.685 
51 64 34 35 4 0 100 20.000 34.614 
64 80 34 35 4 0 100 20.000 35.346 
80 101 34 35 4 0 100 20.000 35.669 
101 127 34 35 4 0 100 20.000 37.062 
127 159 34 35 4 0 100 20.000 38.101 
159 200 34 35 4 0 100 20.000 39.979 
200 252 34 35 4 0 100 19.047 41.637 
252 317 34 35 4 0 100 17.739 42.764 
317 399 34 35 4 0 100 17.237 44.358 
399 502 34 35 4 0 100 15.918 45.205 
502 632 34 35 4 0 100 14.634 47.100 
632 795 34 35 4 0 100 13.802 48.228 
795 1000 34 35 4 0 100 15.023 48.051 
1000 4000 34 35 4 0 100 14.039 48.275 
20 26 35 36 4 0 100 18.577 32.680 
26 32 35 36 4 0 100 20.000 34.333 
32 40 35 36 4 0 100 20.000 32.690 
40 51 35 36 4 0 100 20.000 34.894 
51 64 35 36 4 0 100 20.000 34.926 
64 80 35 36 4 0 100 20.000 35.871 
80 101 35 36 4 0 100 20.000 37.130 
101 127 35 36 4 0 100 20.000 38.149 
127 159 35 36 4 0 100 20.000 39.081 
159 200 35 36 4 0 100 20.000 40.175 
200 252 35 36 4 0 100 20.000 41.741 
252 317 35 36 4 0 100 18.916 43.489 
317 399 35 36 4 0 100 15.272 45.096 
399 502 35 36 4 0 100 16.023 46.011 
502 632 35 36 4 0 100 14.906 47.849 
632 795 35 36 4 0 100 14.303 47.478 
795 1000 35 36 4 0 100 15.071 48.452 
1000 4000 35 36 4 0 100 11.676 50.000 
20 26 36 37 4 0 100 19.610 35.521 
26 32 36 37 4 0 100 20.000 34.151 
32 40 36 37 4 0 100 20.000 34.433 
40 51 36 37 4 0 100 20.000 35.756 
51 64 36 37 4 0 100 20.000 35.569 
64 80 36 37 4 0 100 20.000 37.340 
80 101 36 37 4 0 100 20.000 37.950 
101 127 36 37 4 0 100 20.000 39.279 
127 159 36 37 4 0 100 20.000 40.128 
159 200 36 37 4 0 100 20.000 41.097 
200 252 36 37 4 0 100 20.000 42.073 
252 317 36 37 4 0 100 19.992 44.047 
317 399 36 37 4 0 100 18.086 45.211 
399 502 36 37 4 0 100 16.865 47.165 
502 632 36 37 4 0 100 16.632 47.653 
632 795 36 37 4 0 100 13.974 49.272 
795 1000 36 37 4 0 100 12.659 48.428 
1000 4000 36 37 4 0 100 9.493 50.000 
20 26 37 38 4 0 100 15.153 35.277 
26 32 37 38 4 0 100 6.116 40.363 
32 40 37 38 4 0 100 20.000 35.249 
40 51 37 38 4 0 100 20.000 36.408 
51 64 37 38 4 0 100 20.000 37.728 
64 80 37 38 4 0 100 20.000 38.517 
80 101 37 38 4 0 100 20.000 38.651 
101 127 37 38 4 0 100 20.000 40.850 
127 159 37 38 4 0 100 20.000 40.971 
159 200 37 38 4 0 100 20.000 42.190 
200 252 37 38 4 0 100 20.000 43.776 
252 317 37 38 4 0 100 20.000 44.723 
317 399 37 38 4 0 100 18.215 46.753 
399 502 37 38 4 0 100 16.318 47.361 
502 632 37 38 4 0 100 20.000 47.140 
632 795 37 38 4 0 100 14.858 50.000 
795 1000 37 38 4 0 100 16.427 49.242 
1000 4000 37 38 4 0 100 14.874 50.000 
20 26 38 39 4 0 100 19.222 36.769 
26 32 38 39 4 0 100 10.128 39.788 
32 40 38 39 4 0 100 12.127 37.971 
40 51 38 39 4 0 100 20.000 35.791 
51 64 38 39 4 0 100 20.000 38.243 
64 80 38 39 4 0 100 20.000 39.955 
80 101 38 39 4 0 100 20.000 40.363 
101 127 38 39 4 0 100 20.000 40.638 
127 159 38 39 4 0 100 20.000 41.161 
159 200 38 39 4 0 100 20.000 43.136 
200 252 38 39 4 0 100 17.540 45.050 
252 317 38 39 4 0 100 20.000 45.848 
317 399 38 39 4 0 100 19.440 47.088 
399 502 38 39 4 0 100 19.369 48.849 
502 632 38 39 4 0 100 16.680 49.136 
632 795 38 39 4 0 100 17.031 49.097 
795 1000 38 39 4 0 100 13.995 50.000 
1000 4000 38 39 4 0 100 9.438 50.000 
20 26 39 100 4 0 100 10.510 41.671 
26 32 39 100 4 0 100 20.000 39.359 
32 40 39 100 4 0 100 20.000 39.932 
40 51 39 100 4 0 100 20.000 40.291 
51 64 39 100 4 0 100 20.000 41.185 
64 80 39 100 4 0 100 20.000 41.652 
80 101 39 100 4 0 100 20.000 43.350 
101 127 39 100 4 0 100 20.000 44.136 
127 159 39 100 4 0 100 20.000 45.453 
159 200 39 100 4 0 100 20.000 46.545 
200 252 39 100 4 0 100 20.000 48.774 
252 317 39 100 4 0 100 20.000 50.000 
317 399 39 100 4 0 100 17.589 50.000 
399 502 39 100 4 0 100 20.000 50.000 
502 632 39 100 4 0 100 20.000 50.000 
632 795 39 100 4 0 100 18.572 50.000 
795 1000 39 100 4 0 100 20.000 50.000 
1000 4000 39 100 4 0 100 20.000 50.000 
[gluon]
{2 JetPt Rho 1 x TMath::Exp(-1.*x*[0]/[1])*TMath::Power(x,[0]-1)*TMath::Power([1]/[0],-1.*[0])/TMath::Gamma([0]) Correction QGL_nCharged_gluon}
20 26 0 1 4 0 100 3.414 8.742 
26 32 0 1 4 0 100 5.214 9.052 
32 40 0 1 4 0 100 18.259 9.257 
40 51 0 1 4 0 100 4.031 11.027 
51 64 0 1 4 0 100 5.706 12.849 
64 80 0 1 4 0 100 8.028 11.123 
80 101 0 1 4 0 100 19.358 15.303 
101 127 0 1 4 0 100 8.602 18.330 
127 159 0 1 4 0 100 8.956 18.263 
159 200 0 1 4 0 100 12.874 16.645 
200 252 0 1 4 0 100 9.147 19.601 
252 317 0 1 4 0 100 14.191 22.128 
317 399 0 1 4 0 100 20.000 23.433 
399 502 0 1 4 0 100 20.000 26.606 
502 632 0 1 4 0 100 20.000 15.000 
632 795 0 1 4 0 100 20.000 22.984 
795 1000 0 1 4 0 100 20.000 23.608 
1000 4000 0 1 4 0 100 20.000 50.000 
20 26 1 2 4 0 100 11.126 7.735 
26 32 1 2 4 0 100 12.147 8.612 
32 40 1 2 4 0 100 6.837 10.051 
40 51 1 2 4 0 100 7.020 11.218 
51 64 1 2 4 0 100 13.042 12.034 
64 80 1 2 4 0 100 6.033 14.726 
80 101 1 2 4 0 100 9.291 14.315 
101 127 1 2 4 0 100 8.548 15.613 
127 159 1 2 4 0 100 8.253 18.068 
159 200 1 2 4 0 100 5.762 20.088 
200 252 1 2 4 0 100 7.334 23.799 
252 317 1 2 4 0 100 3.913 27.542 
317 399 1 2 4 0 100 5.983 27.191 
399 502 1 2 4 0 100 10.506 28.441 
502 632 1 2 4 0 100 18.433 27.218 
632 795 1 2 4 0 100 20.000 28.215 
795 1000 1 2 4 0 100 20.000 27.736 
1000 4000 1 2 4 0 100 20.000 50.000 
20 26 2 3 4 0 100 8.253 8.707 
26 32 2 3 4 0 100 12.716 9.239 
32 40 2 3 4 0 100 10.377 10.267 
40 51 2 3 4 0 100 11.237 10.979 
51 64 2 3 4 0 100 9.491 12.691 
64 80 2 3 4 0 100 12.281 13.763 
80 101 2 3 4 0 100 10.412 15.082 
101 127 2 3 4 0 100 10.888 17.428 
127 159 2 3 4 0 100 10.243 18.340 
159 200 2 3 4 0 100 11.430 20.394 
200 252 2 3 4 0 100 9.325 22.147 
252 317 2 3 4 0 100 9.980 26.789 
317 399 2 3 4 0 100 8.659 27.213 
399 502 2 3 4 0 100 4.115 31.228 
502 632 2 3 4 0 100 4.802 32.367 
632 795 2 3 4 0 100 4.999 35.561 
795 1000 2 3 4 0 100 9.762 34.403 
1000 4000 2 3 4 0 100 20.000 29.936 
20 26 3 4 4 0 100 8.845 9.277 
26 32 3 4 4 0 100 9.993 10.388 
32 40 3 4 4 0 100 9.768 11.434 
40 51 3 4 4 0 100 11.035 12.217 
51 64 3 4 4 0 100 10.323 13.613 
64 80 3 4 4 0 100 11.104 14.714 
80 101 3 4 4 0 100 11.418 15.927 
101 127 3 4 4 0 100 11.688 17.624 
127 159 3 4 4 0 100 12.762 19.348 
159 200 3 4 4 0 100 11.027 21.007 
200 252 3 4 4 0 100 9.848 23.128 
252 317 3 4 4 0 100 11.277 24.743 
317 399 3 4 4 0 100 9.817 26.662 
399 502 3 4 4 0 100 8.627 31.016 
502 632 3 4 4 0 100 11.178 32.339 
632 795 3 4 4 0 100 4.745 41.077 
795 1000 3 4 4 0 100 5.790 38.663 
1000 4000 3 4 4 0 100 9.668 39.500 
20 26 4 5 4 0 100 10.464 10.125 
26 32 4 5 4 0 100 11.161 11.053 
32 40 4 5 4 0 100 10.724 11.979 
40 51 4 5 4 0 100 11.977 13.045 
51 64 4 5 4 0 100 12.810 14.360 
64 80 4 5 4 0 100 12.657 15.415 
80 101 4 5 4 0 100 11.701 17.106 
101 127 4 5 4 0 100 12.046 18.388 
127 159 4 5 4 0 100 12.937 19.899 
159 200 4 5 4 0 100 11.547 21.883 
200 252 4 5 4 0 100 11.306 23.755 
252 317 4 5 4 0 100 11.019 26.081 
317 399 4 5 4 0 100 10.794 28.168 
399 502 4 5 4 0 100 8.695 30.513 
502 632 4 5 4 0 100 8.811 32.799 
632 795 4 5 4 0 100 6.458 38.747 
795 1000 4 5 4 0 100 4.734 40.937 
1000 4000 4 5 4 0 100 7.153 41.878 
20 26 5 6 4 0 100 11.155 10.630 
26 32 5 6 4 0 100 11.213 11.501 
32 40 5 6 4 0 100 12.721 12.798 
40 51 5 6 4 0 100 12.407 13.957 
51 64 5 6 4 0 100 13.138 15.264 
64 80 5 6 4 0 100 12.466 16.477 
80 101 5 6 4 0 100 12.150 17.773 
101 127 5 6 4 0 100 12.764 19.176 
127 159 5 6 4 0 100 12.702 20.925 
159 200 5 6 4 0 100 11.757 22.783 
200 252 5 6 4 0 100 11.311 24.642 
252 317 5 6 4 0 100 10.442 26.652 
317 399 5 6 4 0 100 10.127 28.661 
399 502 5 6 4 0 100 10.472 30.874 
502 632 5 6 4 0 100 9.849 32.351 
632 795 5 6 4 0 100 8.149 35.106 
795 1000 5 6 4 0 100 5.482 42.245 
1000 4000 5 6 4 0 100 4.983 47.261 
20 26 6 7 4 0 100 12.379 11.744 
26 32 6 7 4 0 100 12.949 12.697 
32 40 6 7 4 0 100 13.281 13.677 
40 51 6 7 4 0 100 13.651 14.761 
51 64 6 7 4 0 100 13.183 15.834 
64 80 6 7 4 0 100 13.985 17.280 
80 101 6 7 4 0 100 14.218 18.623 
101 127 6 7 4 0 100 13.626 19.999 
127 159 6 7 4 0 100 12.712 21.556 
159 200 6 7 4 0 100 12.100 23.474 
200 252 6 7 4 0 100 12.562 25.387 
252 317 6 7 4 0 100 11.495 27.390 
317 399 6 7 4 0 100 11.497 29.726 
399 502 6 7 4 0 100 11.156 31.455 
502 632 6 7 4 0 100 9.912 34.835 
632 795 6 7 4 0 100 8.992 36.456 
795 1000 6 7 4 0 100 8.384 41.761 
1000 4000 6 7 4 0 100 4.718 47.676 
20 26 7 8 4 0 100 14.177 12.388 
26 32 7 8 4 0 100 13.667 13.498 
32 40 7 8 4 0 100 14.613 14.294 
40 51 7 8 4 0 100 14.169 15.470 
51 64 7 8 4 0 100 14.198 16.796 
64 80 7 8 4 0 100 14.574 18.006 
80 101 7 8 4 0 100 14.120 19.319 
101 127 7 8 4 0 100 14.136 21.013 
127 159 7 8 4 0 100 14.437 22.654 
159 200 7 8 4 0 100 13.817 24.243 
200 252 7 8 4 0 100 12.351 26.264 
252 317 7 8 4 0 100 11.857 28.321 
317 399 7 8 4 0 100 11.150 30.339 
399 502 7 8 4 0 100 10.891 32.608 
502 632 7 8 4 0 100 11.226 34.596 
632 795 7 8 4 0 100 9.460 37.443 
795 1000 7 8 4 0 100 7.900 40.660 
1000 4000 7 8 4 0 100 6.046 45.114 
20 26 8 9 4 0 100 14.313 13.237 
26 32 8 9 4 0 100 14.692 14.139 
32 40 8 9 4 0 100 15.128 15.135 
40 51 8 9 4 0 100 15.134 16.315 
51 64 8 9 4 0 100 14.872 17.516 
64 80 8 9 4 0 100 14.751 18.853 
80 101 8 9 4 0 100 14.581 20.175 
101 127 8 9 4 0 100 13.809 21.687 
127 159 8 9 4 0 100 13.855 23.440 
159 200 8 9 4 0 100 13.902 25.167 
200 252 8 9 4 0 100 12.778 27.146 
252 317 8 9 4 0 100 12.595 28.805 
317 399 8 9 4 0 100 11.462 30.983 
399 502 8 9 4 0 100 11.033 33.497 
502 632 8 9 4 0 100 12.238 35.842 
632 795 8 9 4 0 100 10.196 37.816 
795 1000 8 9 4 0 100 9.625 40.428 
1000 4000 8 9 4 0 100 8.961 41.737 
20 26 9 10 4 0 100 14.770 14.091 
26 32 9 10 4 0 100 15.155 15.091 
32 40 9 10 4 0 100 15.543 16.083 
40 51 9 10 4 0 100 15.552 17.065 
51 64 9 10 4 0 100 15.267 18.259 
64 80 9 10 4 0 100 15.068 19.574 
80 101 9 10 4 0 100 15.806 21.004 
101 127 9 10 4 0 100 15.324 22.487 
127 159 9 10 4 0 100 15.052 24.125 
159 200 9 10 4 0 100 14.442 25.803 
200 252 9 10 4 0 100 13.892 27.671 
252 317 9 10 4 0 100 12.863 29.897 
317 399 9 10 4 0 100 12.031 31.953 
399 502 9 10 4 0 100 11.884 34.036 
502 632 9 10 4 0 100 11.253 37.028 
632 795 9 10 4 0 100 11.050 38.260 
795 1000 9 10 4 0 100 10.213 41.083 
1000 4000 9 10 4 0 100 10.788 43.686 
20 26 10 11 4 0 100 15.224 14.857 
26 32 10 11 4 0 100 15.460 15.870 
32 40 10 11 4 0 100 16.103 16.774 
40 51 10 11 4 0 100 16.270 17.905 
51 64 10 11 4 0 100 16.106 19.091 
64 80 10 11 4 0 100 15.596 20.300 
80 101 10 11 4 0 100 16.154 21.779 
101 127 10 11 4 0 100 15.368 23.196 
127 159 10 11 4 0 100 15.282 24.923 
159 200 10 11 4 0 100 14.546 26.678 
200 252 10 11 4 0 100 13.786 28.528 
252 317 10 11 4 0 100 13.318 30.765 
317 399 10 11 4 0 100 12.534 32.776 
399 502 10 11 4 0 100 12.036 35.101 
502 632 10 11 4 0 100 10.953 37.485 
632 795 10 11 4 0 100 10.943 39.583 
795 1000 10 11 4 0 100 10.849 41.623 
1000 4000 10 11 4 0 100 9.604 45.670 
20 26 11 12 4 0 100 16.302 15.639 
26 32 11 12 4 0 100 16.447 16.608 
32 40 11 12 4 0 100 16.460 17.621 
40 51 11 12 4 0 100 16.683 18.641 
51 64 11 12 4 0 100 16.608 19.985 
64 80 11 12 4 0 100 16.630 21.069 
80 101 11 12 4 0 100 16.898 22.459 
101 127 11 12 4 0 100 16.252 23.972 
127 159 11 12 4 0 100 16.065 25.557 
159 200 11 12 4 0 100 14.979 27.478 
200 252 11 12 4 0 100 14.913 29.228 
252 317 11 12 4 0 100 13.547 31.349 
317 399 11 12 4 0 100 13.083 33.561 
399 502 11 12 4 0 100 12.120 35.894 
502 632 11 12 4 0 100 11.629 38.421 
632 795 11 12 4 0 100 11.584 40.575 
795 1000 11 12 4 0 100 9.859 41.963 
1000 4000 11 12 4 0 100 10.030 45.836 
20 26 12 13 4 0 100 16.807 16.438 
26 32 12 13 4 0 100 17.383 17.470 
32 40 12 13 4 0 100 17.239 18.334 
40 51 12 13 4 0 100 17.129 19.434 
51 64 12 13 4 0 100 17.708 20.599 
64 80 12 13 4 0 100 17.150 21.857 
80 101 12 13 4 0 100 17.079 23.320 
101 127 12 13 4 0 100 16.592 24.708 
127 159 12 13 4 0 100 16.633 26.501 
159 200 12 13 4 0 100 15.776 28.118 
200 252 12 13 4 0 100 15.054 30.154 
252 317 12 13 4 0 100 14.015 32.281 
317 399 12 13 4 0 100 13.373 34.394 
399 502 12 13 4 0 100 12.347 37.058 
502 632 12 13 4 0 100 12.128 39.004 
632 795 12 13 4 0 100 11.903 41.056 
795 1000 12 13 4 0 100 10.493 42.796 
1000 4000 12 13 4 0 100 10.816 45.598 
20 26 13 14 4 0 100 17.909 17.173 
26 32 13 14 4 0 100 17.651 18.138 
32 40 13 14 4 0 100 17.534 19.145 
40 51 13 14 4 0 100 18.092 20.258 
51 64 13 14 4 0 100 18.278 21.362 
64 80 13 14 4 0 100 18.113 22.636 
80 101 13 14 4 0 100 18.262 24.008 
101 127 13 14 4 0 100 17.603 25.581 
127 159 13 14 4 0 100 16.981 27.237 
159 200 13 14 4 0 100 16.384 29.027 
200 252 13 14 4 0 100 15.425 31.037 
252 317 13 14 4 0 100 14.313 33.010 
317 399 13 14 4 0 100 13.247 35.449 
399 502 13 14 4 0 100 12.666 37.506 
502 632 13 14 4 0 100 12.207 39.743 
632 795 13 14 4 0 100 11.712 41.988 
795 1000 13 14 4 0 100 11.898 44.096 
1000 4000 13 14 4 0 100 10.710 46.117 
20 26 14 15 4 0 100 19.023 18.023 
26 32 14 15 4 0 100 18.151 18.967 
32 40 14 15 4 0 100 18.073 19.954 
40 51 14 15 4 0 100 18.550 21.041 
51 64 14 15 4 0 100 18.287 22.204 
64 80 14 15 4 0 100 18.551 23.399 
80 101 14 15 4 0 100 18.592 24.773 
101 127 14 15 4 0 100 17.634 26.296 
127 159 14 15 4 0 100 17.568 27.957 
159 200 14 15 4 0 100 16.669 29.672 
200 252 14 15 4 0 100 15.858 31.714 
252 317 14 15 4 0 100 14.750 33.846 
317 399 14 15 4 0 100 13.692 36.063 
399 502 14 15 4 0 100 13.453 38.249 
502 632 14 15 4 0 100 12.282 40.771 
632 795 14 15 4 0 100 12.379 42.976 
795 1000 14 15 4 0 100 12.481 44.562 
1000 4000 14 15 4 0 100 12.539 46.624 
20 26 15 16 4 0 100 19.607 18.818 
26 32 15 16 4 0 100 19.430 19.776 
32 40 15 16 4 0 100 19.311 20.681 
40 51 15 16 4 0 100 19.324 21.733 
51 64 15 16 4 0 100 19.033 22.910 
64 80 15 16 4 0 100 19.433 24.177 
80 101 15 16 4 0 100 18.625 25.545 
101 127 15 16 4 0 100 18.510 27.070 
127 159 15 16 4 0 100 18.044 28.738 
159 200 15 16 4 0 100 17.403 30.427 
200 252 15 16 4 0 100 16.020 32.561 
252 317 15 16 4 0 100 15.088 34.675 
317 399 15 16 4 0 100 14.509 36.903 
399 502 15 16 4 0 100 13.832 39.131 
502 632 15 16 4 0 100 12.748 41.621 
632 795 15 16 4 0 100 12.227 43.515 
795 1000 15 16 4 0 100 11.823 45.883 
1000 4000 15 16 4 0 100 13.253 47.745 
20 26 16 17 4 0 100 19.943 19.533 
26 32 16 17 4 0 100 19.637 20.532 
32 40 16 17 4 0 100 19.061 21.457 
40 51 16 17 4 0 100 19.897 22.584 
51 64 16 17 4 0 100 19.684 23.685 
64 80 16 17 4 0 100 19.898 24.974 
80 101 16 17 4 0 100 19.041 26.320 
101 127 16 17 4 0 100 19.204 27.872 
127 159 16 17 4 0 100 18.386 29.520 
159 200 16 17 4 0 100 17.724 31.318 
200 252 16 17 4 0 100 17.055 33.219 
252 317 16 17 4 0 100 15.779 35.412 
317 399 16 17 4 0 100 14.298 37.590 
399 502 16 17 4 0 100 13.908 39.940 
502 632 16 17 4 0 100 13.337 41.952 
632 795 16 17 4 0 100 12.791 44.692 
795 1000 16 17 4 0 100 11.533 47.246 
1000 4000 16 17 4 0 100 11.960 49.483 
20 26 17 18 4 0 100 20.000 20.353 
26 32 17 18 4 0 100 20.000 21.349 
32 40 17 18 4 0 100 20.000 22.191 
40 51 17 18 4 0 100 20.000 23.298 
51 64 17 18 4 0 100 20.000 24.420 
64 80 17 18 4 0 100 20.000 25.744 
80 101 17 18 4 0 100 20.000 27.095 
101 127 17 18 4 0 100 19.791 28.591 
127 159 17 18 4 0 100 19.006 30.262 
159 200 17 18 4 0 100 17.972 32.062 
200 252 17 18 4 0 100 17.193 34.097 
252 317 17 18 4 0 100 16.086 36.159 
317 399 17 18 4 0 100 15.103 38.366 
399 502 17 18 4 0 100 13.877 40.860 
502 632 17 18 4 0 100 13.842 43.027 
632 795 17 18 4 0 100 13.345 45.236 
795 1000 17 18 4 0 100 12.469 47.233 
1000 4000 17 18 4 0 100 1.000 50.000 
20 26 18 19 4 0 100 20.000 21.077 
26 32 18 19 4 0 100 20.000 22.024 
32 40 18 19 4 0 100 20.000 22.958 
40 51 18 19 4 0 100 20.000 24.013 
51 64 18 19 4 0 100 20.000 25.255 
64 80 18 19 4 0 100 20.000 26.364 
80 101 18 19 4 0 100 20.000 27.707 
101 127 18 19 4 0 100 20.000 29.415 
127 159 18 19 4 0 100 19.545 31.103 
159 200 18 19 4 0 100 18.551 32.826 
200 252 18 19 4 0 100 17.787 34.886 
252 317 18 19 4 0 100 16.512 36.980 
317 399 18 19 4 0 100 15.443 39.369 
399 502 18 19 4 0 100 14.416 41.532 
502 632 18 19 4 0 100 14.666 44.234 
632 795 18 19 4 0 100 14.215 46.191 
795 1000 18 19 4 0 100 13.964 48.560 
1000 4000 18 19 4 0 100 13.173 50.000 
20 26 19 20 4 0 100 20.000 21.798 
26 32 19 20 4 0 100 20.000 22.779 
32 40 19 20 4 0 100 20.000 23.706 
40 51 19 20 4 0 100 20.000 24.798 
51 64 19 20 4 0 100 20.000 25.832 
64 80 19 20 4 0 100 20.000 27.190 
80 101 19 20 4 0 100 20.000 28.509 
101 127 19 20 4 0 100 20.000 30.200 
127 159 19 20 4 0 100 20.000 31.858 
159 200 19 20 4 0 100 19.223 33.582 
200 252 19 20 4 0 100 17.922 35.634 
252 317 19 20 4 0 100 17.124 37.773 
317 399 19 20 4 0 100 15.987 39.869 
399 502 19 20 4 0 100 14.930 42.504 
502 632 19 20 4 0 100 14.366 44.790 
632 795 19 20 4 0 100 13.400 46.496 
795 1000 19 20 4 0 100 13.178 48.401 
1000 4000 19 20 4 0 100 12.938 50.000 
20 26 20 21 4 0 100 20.000 22.573 
26 32 20 21 4 0 100 20.000 23.440 
32 40 20 21 4 0 100 20.000 24.485 
40 51 20 21 4 0 100 20.000 25.473 
51 64 20 21 4 0 100 20.000 26.652 
64 80 20 21 4 0 100 20.000 27.893 
80 101 20 21 4 0 100 20.000 29.392 
101 127 20 21 4 0 100 20.000 30.887 
127 159 20 21 4 0 100 20.000 32.601 
159 200 20 21 4 0 100 19.710 34.356 
200 252 20 21 4 0 100 18.578 36.402 
252 317 20 21 4 0 100 17.377 38.638 
317 399 20 21 4 0 100 16.502 40.940 
399 502 20 21 4 0 100 15.016 43.263 
502 632 20 21 4 0 100 14.281 45.519 
632 795 20 21 4 0 100 14.099 47.663 
795 1000 20 21 4 0 100 14.357 49.794 
1000 4000 20 21 4 0 100 1.000 50.000 
20 26 21 22 4 0 100 20.000 23.430 
26 32 21 22 4 0 100 20.000 24.043 
32 40 21 22 4 0 100 20.000 25.210 
40 51 21 22 4 0 100 20.000 26.308 
51 64 21 22 4 0 100 20.000 27.308 
64 80 21 22 4 0 100 20.000 28.537 
80 101 21 22 4 0 100 20.000 30.029 
101 127 21 22 4 0 100 20.000 31.597 
127 159 21 22 4 0 100 20.000 33.420 
159 200 21 22 4 0 100 19.895 35.153 
200 252 21 22 4 0 100 18.942 37.173 
252 317 21 22 4 0 100 17.637 39.316 
317 399 21 22 4 0 100 16.583 41.633 
399 502 21 22 4 0 100 15.690 43.793 
502 632 21 22 4 0 100 14.899 46.029 
632 795 21 22 4 0 100 14.141 48.179 
795 1000 21 22 4 0 100 14.678 50.000 
1000 4000 21 22 4 0 100 13.759 50.000 
20 26 22 23 4 0 100 20.000 24.042 
26 32 22 23 4 0 100 20.000 25.030 
32 40 22 23 4 0 100 20.000 25.833 
40 51 22 23 4 0 100 20.000 26.944 
51 64 22 23 4 0 100 20.000 28.163 
64 80 22 23 4 0 100 20.000 29.332 
80 101 22 23 4 0 100 20.000 30.768 
101 127 22 23 4 0 100 20.000 32.328 
127 159 22 23 4 0 100 20.000 34.182 
159 200 22 23 4 0 100 20.000 35.934 
200 252 22 23 4 0 100 19.206 37.986 
252 317 22 23 4 0 100 17.989 40.190 
317 399 22 23 4 0 100 16.435 42.468 
399 502 22 23 4 0 100 15.589 44.832 
502 632 22 23 4 0 100 15.269 47.385 
632 795 22 23 4 0 100 14.731 49.262 
795 1000 22 23 4 0 100 14.984 50.000 
1000 4000 22 23 4 0 100 15.882 50.000 
20 26 23 24 4 0 100 20.000 25.016 
26 32 23 24 4 0 100 20.000 25.654 
32 40 23 24 4 0 100 20.000 26.575 
40 51 23 24 4 0 100 20.000 27.771 
51 64 23 24 4 0 100 20.000 28.857 
64 80 23 24 4 0 100 20.000 30.092 
80 101 23 24 4 0 100 20.000 31.595 
101 127 23 24 4 0 100 20.000 33.040 
127 159 23 24 4 0 100 20.000 34.734 
159 200 23 24 4 0 100 20.000 36.762 
200 252 23 24 4 0 100 20.000 38.748 
252 317 23 24 4 0 100 18.462 40.879 
317 399 23 24 4 0 100 17.301 43.193 
399 502 23 24 4 0 100 16.068 45.844 
502 632 23 24 4 0 100 15.921 47.935 
632 795 23 24 4 0 100 14.996 50.000 
795 1000 23 24 4 0 100 14.456 50.000 
1000 4000 23 24 4 0 100 14.048 50.000 
20 26 24 25 4 0 100 20.000 25.568 
26 32 24 25 4 0 100 20.000 26.631 
32 40 24 25 4 0 100 20.000 27.510 
40 51 24 25 4 0 100 20.000 28.333 
51 64 24 25 4 0 100 20.000 29.698 
64 80 24 25 4 0 100 20.000 30.884 
80 101 24 25 4 0 100 20.000 32.342 
101 127 24 25 4 0 100 20.000 33.823 
127 159 24 25 4 0 100 20.000 35.558 
159 200 24 25 4 0 100 20.000 37.622 
200 252 24 25 4 0 100 20.000 39.534 
252 317 24 25 4 0 100 18.577 41.648 
317 399 24 25 4 0 100 17.786 44.137 
399 502 24 25 4 0 100 16.691 46.512 
502 632 24 25 4 0 100 15.428 48.813 
632 795 24 25 4 0 100 15.866 50.000 
795 1000 24 25 4 0 100 16.553 50.000 
1000 4000 24 25 4 0 100 14.586 50.000 
20 26 25 26 4 0 100 20.000 26.292 
26 32 25 26 4 0 100 20.000 27.054 
32 40 25 26 4 0 100 20.000 28.247 
40 51 25 26 4 0 100 20.000 29.171 
51 64 25 26 4 0 100 20.000 30.417 
64 80 25 26 4 0 100 20.000 31.529 
80 101 25 26 4 0 100 20.000 32.996 
101 127 25 26 4 0 100 20.000 34.510 
127 159 25 26 4 0 100 20.000 36.387 
159 200 25 26 4 0 100 20.000 38.280 
200 252 25 26 4 0 100 20.000 40.342 
252 317 25 26 4 0 100 19.378 42.422 
317 399 25 26 4 0 100 17.862 44.910 
399 502 25 26 4 0 100 16.796 47.199 
502 632 25 26 4 0 100 16.337 49.441 
632 795 25 26 4 0 100 15.802 50.000 
795 1000 25 26 4 0 100 17.890 50.000 
1000 4000 25 26 4 0 100 1.000 50.000 
20 26 26 27 4 0 100 20.000 27.398 
26 32 26 27 4 0 100 20.000 28.031 
32 40 26 27 4 0 100 20.000 28.941 
40 51 26 27 4 0 100 20.000 29.882 
51 64 26 27 4 0 100 20.000 31.186 
64 80 26 27 4 0 100 20.000 32.314 
80 101 26 27 4 0 100 20.000 33.600 
101 127 26 27 4 0 100 20.000 35.367 
127 159 26 27 4 0 100 20.000 37.145 
159 200 26 27 4 0 100 20.000 39.153 
200 252 26 27 4 0 100 20.000 41.219 
252 317 26 27 4 0 100 19.371 43.187 
317 399 26 27 4 0 100 18.358 45.675 
399 502 26 27 4 0 100 17.378 48.085 
502 632 26 27 4 0 100 17.078 50.000 
632 795 26 27 4 0 100 17.224 50.000 
795 1000 26 27 4 0 100 17.387 50.000 
1000 4000 26 27 4 0 100 1.352 50.000 
20 26 27 28 4 0 100 20.000 28.103 
26 32 27 28 4 0 100 20.000 28.739 
32 40 27 28 4 0 100 20.000 29.824 
40 51 27 28 4 0 100 20.000 30.703 
51 64 27 28 4 0 100 20.000 31.883 
64 80 27 28 4 0 100 20.000 33.348 
80 101 27 28 4 0 100 20.000 34.617 
101 127 27 28 4 0 100 20.000 36.086 
127 159 27 28 4 0 100 20.000 37.861 
159 200 27 28 4 0 100 20.000 39.879 
200 252 27 28 4 0 100 20.000 41.964 
252 317 27 28 4 0 100 19.948 44.210 
317 399 27 28 4 0 100 19.003 46.755 
399 502 27 28 4 0 100 17.268 48.877 
502 632 27 28 4 0 100 17.385 50.000 
632 795 27 28 4 0 100 18.784 50.000 
795 1000 27 28 4 0 100 17.943 50.000 
1000 4000 27 28 4 0 100 1.000 50.000 
20 26 28 29 4 0 100 20.000 28.507 
26 32 28 29 4 0 100 20.000 29.861 
32 40 28 29 4 0 100 20.000 30.385 
40 51 28 29 4 0 100 20.000 31.617 
51 64 28 29 4 0 100 20.000 32.693 
64 80 28 29 4 0 100 20.000 33.889 
80 101 28 29 4 0 100 20.000 35.286 
101 127 28 29 4 0 100 20.000 37.012 
127 159 28 29 4 0 100 20.000 38.720 
159 200 28 29 4 0 100 20.000 40.590 
200 252 28 29 4 0 100 20.000 42.891 
252 317 28 29 4 0 100 20.000 45.110 
317 399 28 29 4 0 100 19.020 47.325 
399 502 28 29 4 0 100 18.083 49.853 
502 632 28 29 4 0 100 18.895 50.000 
632 795 28 29 4 0 100 18.503 50.000 
795 1000 28 29 4 0 100 1.000 50.000 
1000 4000 28 29 4 0 100 1.259 50.000 
20 26 29 30 4 0 100 20.000 29.749 
26 32 29 30 4 0 100 20.000 30.471 
32 40 29 30 4 0 100 20.000 31.067 
40 51 29 30 4 0 100 20.000 32.503 
51 64 29 30 4 0 100 20.000 33.525 
64 80 29 30 4 0 100 20.000 34.639 
80 101 29 30 4 0 100 20.000 36.026 
101 127 29 30 4 0 100 20.000 37.705 
127 159 29 30 4 0 100 20.000 39.551 
159 200 29 30 4 0 100 20.000 41.289 
200 252 29 30 4 0 100 20.000 43.637 
252 317 29 30 4 0 100 20.000 45.796 
317 399 29 30 4 0 100 19.514 48.535 
399 502 29 30 4 0 100 18.827 50.000 
502 632 29 30 4 0 100 18.324 50.000 
632 795 29 30 4 0 100 20.000 50.000 
795 1000 29 30 4 0 100 20.000 50.000 
1000 4000 29 30 4 0 100 1.493 50.000 
20 26 30 31 4 0 100 20.000 30.534 
26 32 30 31 4 0 100 20.000 31.033 
32 40 30 31 4 0 100 20.000 32.286 
40 51 30 31 4 0 100 20.000 32.853 
51 64 30 31 4 0 100 20.000 34.272 
64 80 30 31 4 0 100 20.000 35.448 
80 101 30 31 4 0 100 20.000 36.717 
101 127 30 31 4 0 100 20.000 38.460 
127 159 30 31 4 0 100 20.000 40.180 
159 200 30 31 4 0 100 20.000 42.361 
200 252 30 31 4 0 100 20.000 44.622 
252 317 30 31 4 0 100 20.000 46.717 
317 399 30 31 4 0 100 19.592 49.039 
399 502 30 31 4 0 100 20.000 50.000 
502 632 30 31 4 0 100 20.000 50.000 
632 795 30 31 4 0 100 20.000 50.000 
795 1000 30 31 4 0 100 20.000 50.000 
1000 4000 30 31 4 0 100 1.435 50.000 
20 26 31 32 4 0 100 20.000 31.318 
26 32 31 32 4 0 100 20.000 32.017 
32 40 31 32 4 0 100 20.000 32.948 
40 51 31 32 4 0 100 20.000 34.056 
51 64 31 32 4 0 100 20.000 35.243 
64 80 31 32 4 0 100 20.000 36.173 
80 101 31 32 4 0 100 20.000 37.523 
101 127 31 32 4 0 100 20.000 39.212 
127 159 31 32 4 0 100 20.000 40.985 
159 200 31 32 4 0 100 20.000 43.088 
200 252 31 32 4 0 100 20.000 45.217 
252 317 31 32 4 0 100 20.000 47.594 
317 399 31 32 4 0 100 20.000 49.670 
399 502 31 32 4 0 100 20.000 50.000 
502 632 31 32 4 0 100 20.000 50.000 
632 795 31 32 4 0 100 20.000 50.000 
795 1000 31 32 4 0 100 1.000 50.000 
1000 4000 31 32 4 0 100 3.087 50.000 
20 26 32 33 4 0 100 20.000 32.345 
26 32 32 33 4 0 100 20.000 32.792 
32 40 32 33 4 0 100 20.000 34.137 
40 51 32 33 4 0 100 20.000 34.978 
51 64 32 33 4 0 100 20.000 35.740 
64 80 32 33 4 0 100 20.000 37.444 
80 101 32 33 4 0 100 20.000 38.473 
101 127 32 33 4 0 100 20.000 40.174 
127 159 32 33 4 0 100 20.000 41.758 
159 200 32 33 4 0 100 20.000 43.837 
200 252 32 33 4 0 100 20.000 46.220 
252 317 32 33 4 0 100 20.000 48.417 
317 399 32 33 4 0 100 20.000 50.000 
399 502 32 33 4 0 100 20.000 50.000 
502 632 32 33 4 0 100 20.000 50.000 
632 795 32 33 4 0 100 20.000 50.000 
795 1000 32 33 4 0 100 1.407 50.000 
1000 4000 32 33 4 0 100 5.250 50.000 
20 26 33 34 4 0 100 20.000 32.970 
26 32 33 34 4 0 100 20.000 33.903 
32 40 33 34 4 0 100 20.000 34.540 
40 51 33 34 4 0 100 20.000 35.669 
51 64 33 34 4 0 100 20.000 36.887 
64 80 33 34 4 0 100 20.000 37.664 
80 101 33 34 4 0 100 20.000 39.259 
101 127 33 34 4 0 100 20.000 40.929 
127 159 33 34 4 0 100 20.000 42.560 
159 200 33 34 4 0 100 20.000 45.089 
200 252 33 34 4 0 100 20.000 46.813 
252 317 33 34 4 0 100 20.000 49.302 
317 399 33 34 4 0 100 20.000 50.000 
399 502 33 34 4 0 100 20.000 50.000 
502 632 33 34 4 0 100 20.000 50.000 
632 795 33 34 4 0 100 20.000 50.000 
795 1000 33 34 4 0 100 9.925 50.000 
1000 4000 33 34 4 0 100 3.367 50.000 
20 26 34 35 4 0 100 20.000 33.977 
26 32 34 35 4 0 100 20.000 34.487 
32 40 34 35 4 0 100 20.000 35.133 
40 51 34 35 4 0 100 20.000 36.416 
51 64 34 35 4 0 100 20.000 37.464 
64 80 34 35 4 0 100 20.000 38.683 
80 101 34 35 4 0 100 20.000 40.178 
101 127 34 35 4 0 100 20.000 41.483 
127 159 34 35 4 0 100 20.000 43.583 
159 200 34 35 4 0 100 20.000 45.528 
200 252 34 35 4 0 100 20.000 48.109 
252 317 34 35 4 0 100 20.000 50.000 
317 399 34 35 4 0 100 20.000 50.000 
399 502 34 35 4 0 100 20.000 50.000 
502 632 34 35 4 0 100 20.000 50.000 
632 795 34 35 4 0 100 20.000 50.000 
795 1000 34 35 4 0 100 3.602 50.000 
1000 4000 34 35 4 0 100 3.456 50.000 
20 26 35 36 4 0 100 20.000 35.472 
26 32 35 36 4 0 100 20.000 35.321 
32 40 35 36 4 0 100 20.000 36.270 
40 51 35 36 4 0 100 20.000 37.075 
51 64 35 36 4 0 100 20.000 38.107 
64 80 35 36 4 0 100 20.000 39.310 
80 101 35 36 4 0 100 20.000 41.044 
101 127 35 36 4 0 100 20.000 42.623 
127 159 35 36 4 0 100 20.000 44.686 
159 200 35 36 4 0 100 20.000 46.374 
200 252 35 36 4 0 100 20.000 48.811 
252 317 35 36 4 0 100 20.000 50.000 
317 399 35 36 4 0 100 20.000 50.000 
399 502 35 36 4 0 100 20.000 50.000 
502 632 35 36 4 0 100 20.000 50.000 
632 795 35 36 4 0 100 1.000 50.000 
795 1000 35 36 4 0 100 3.509 50.000 
1000 4000 35 36 4 0 100 4.063 50.000 
20 26 36 37 4 0 100 20.000 35.584 
26 32 36 37 4 0 100 20.000 36.271 
32 40 36 37 4 0 100 20.000 37.241 
40 51 36 37 4 0 100 20.000 38.328 
51 64 36 37 4 0 100 20.000 39.019 
64 80 36 37 4 0 100 20.000 40.606 
80 101 36 37 4 0 100 20.000 41.543 
101 127 36 37 4 0 100 20.000 43.552 
127 159 36 37 4 0 100 20.000 44.842 
159 200 36 37 4 0 100 20.000 47.081 
200 252 36 37 4 0 100 20.000 49.111 
252 317 36 37 4 0 100 20.000 50.000 
317 399 36 37 4 0 100 20.000 50.000 
399 502 36 37 4 0 100 20.000 50.000 
502 632 36 37 4 0 100 20.000 50.000 
632 795 36 37 4 0 100 20.000 50.000 
795 1000 36 37 4 0 100 4.059 50.000 
1000 4000 36 37 4 0 100 4.658 50.000 
20 26 37 38 4 0 100 20.000 37.464 
26 32 37 38 4 0 100 20.000 38.151 
32 40 37 38 4 0 100 20.000 38.099 
40 51 37 38 4 0 100 20.000 39.062 
51 64 37 38 4 0 100 20.000 40.317 
64 80 37 38 4 0 100 20.000 41.114 
80 101 37 38 4 0 100 20.000 43.124 
101 127 37 38 4 0 100 20.000 44.436 
127 159 37 38 4 0 100 20.000 46.344 
159 200 37 38 4 0 100 20.000 48.322 
200 252 37 38 4 0 100 20.000 50.000 
252 317 37 38 4 0 100 20.000 50.000 
317 399 37 38 4 0 100 20.000 50.000 
399 502 37 38 4 0 100 20.000 50.000 
502 632 37 38 4 0 100 1.188 50.000 
632 795 37 38 4 0 100 3.879 50.000 
795 1000 37 38 4 0 100 2.889 50.000 
1000 4000 37 38 4 0 100 6.333 50.000 
20 26 38 39 4 0 100 20.000 37.805 
26 32 38 39 4 0 100 20.000 38.123 
32 40 38 39 4 0 100 20.000 39.372 
40 51 38 39 4 0 100 20.000 40.366 
51 64 38 39 4 0 100 20.000 41.048 
64 80 38 39 4 0 100 20.000 42.021 
80 101 38 39 4 0 100 20.000 43.202 
101 127 38 39 4 0 100 20.000 45.907 
127 159 38 39 4 0 100 20.000 47.449 
159 200 38 39 4 0 100 20.000 49.174 
200 252 38 39 4 0 100 20.000 50.000 
252 317 38 39 4 0 100 20.000 50.000 
317 399 38 39 4 0 100 20.000 50.000 
399 502 38 39 4 0 100 20.000 50.000 
502 632 38 39 4 0 100 2.902 50.000 
632 795 38 39 4 0 100 3.229 50.000 
795 1000 38 39 4 0 100 3.500 50.000 
1000 4000 38 39 4 0 100 9.351 50.000 
20 26 39 100 4 0 100 20.000 40.006 
26 32 39 100 4 0 100 20.000 41.469 
32 40 39 100 4 0 100 20.000 42.103 
40 51 39 100 4 0 100 20.000 43.415 
51 64 39 100 4 0 100 20.000 44.585 
64 80 39 100 4 0 100 20.000 45.634 
80 101 39 100 4 0 100 20.000 47.415 
101 127 39 100 4 0 100 20.000 48.679 
127 159 39 100 4 0 100 20.000 50.000 
159 200 39 100 4 0 100 20.000 50.000 
200 252 39 100 4 0 100 20.000 50.000 
252 317 39 100 4 0 100 20.000 50.000 
317 399 39 100 4 0 100 20.000 50.000 
399 502 39 100 4 0 100 20.000 50.000 
502 632 39 100 4 0 100 20.000 50.000 
632 795 39 100 4 0 100 1.000 50.000 
795 1000 39 100 4 0 100 1.488 50.000 
1000 4000 39 100 4 0 100 2.039 50.000 
