[quark]
{2 JetPt Rho 1 x ((x-[0])<0)?0:TMath::Exp(-1.*(x-[0])*[1]/[2])*TMath::Power((x-[0]),[1]-1)*TMath::Power([2]/[1],-1.*[1])/TMath::Gamma([1]) Correction QGL_ptD_quark}
20 26 0 1 5 0 1 0.251 3.276 0.209 
26 32 0 1 5 0 1 0.254 2.805 0.200 
32 40 0 1 5 0 1 0.230 3.425 0.212 
40 51 0 1 5 0 1 0.216 3.693 0.221 
51 64 0 1 5 0 1 0.200 3.799 0.232 
64 80 0 1 5 0 1 0.188 4.178 0.240 
80 101 0 1 5 0 1 0.167 4.659 0.261 
101 127 0 1 5 0 1 0.157 4.678 0.274 
127 159 0 1 5 0 1 0.138 5.440 0.289 
159 200 0 1 5 0 1 0.109 6.786 0.324 
200 252 0 1 5 0 1 0.089 7.929 0.350 
252 317 0 1 5 0 1 0.099 7.646 0.350 
317 399 0 1 5 0 1 0.041 11.016 0.419 
399 502 0 1 5 0 1 0.021 13.138 0.450 
502 632 0 1 5 0 1 0.000 15.493 0.490 
632 795 0 1 5 0 1 0.000 16.796 0.506 
795 1000 0 1 5 0 1 0.000 19.084 0.528 
1000 3500 0 1 5 0 1 0.000 21.549 0.559 
20 26 1 2 5 0 1 0.258 2.880 0.193 
26 32 1 2 5 0 1 0.232 3.625 0.211 
32 40 1 2 5 0 1 0.231 3.224 0.203 
40 51 1 2 5 0 1 0.216 3.383 0.214 
51 64 1 2 5 0 1 0.198 3.783 0.228 
64 80 1 2 5 0 1 0.184 4.052 0.240 
80 101 1 2 5 0 1 0.170 4.427 0.254 
101 127 1 2 5 0 1 0.161 4.714 0.262 
127 159 1 2 5 0 1 0.139 5.603 0.287 
159 200 1 2 5 0 1 0.114 6.628 0.316 
200 252 1 2 5 0 1 0.112 6.918 0.324 
252 317 1 2 5 0 1 0.071 8.956 0.374 
317 399 1 2 5 0 1 0.051 10.617 0.406 
399 502 1 2 5 0 1 0.000 13.876 0.469 
502 632 1 2 5 0 1 0.000 15.121 0.487 
632 795 1 2 5 0 1 0.000 16.350 0.502 
795 1000 1 2 5 0 1 0.000 18.307 0.527 
1000 3500 1 2 5 0 1 0.000 21.771 0.562 
20 26 2 3 5 0 1 0.255 2.789 0.195 
26 32 2 3 5 0 1 0.240 3.014 0.197 
32 40 2 3 5 0 1 0.219 3.600 0.213 
40 51 2 3 5 0 1 0.212 3.484 0.214 
51 64 2 3 5 0 1 0.196 3.768 0.227 
64 80 2 3 5 0 1 0.185 4.072 0.238 
80 101 2 3 5 0 1 0.174 4.188 0.245 
101 127 2 3 5 0 1 0.157 4.837 0.266 
127 159 2 3 5 0 1 0.143 5.331 0.281 
159 200 2 3 5 0 1 0.128 5.941 0.301 
200 252 2 3 5 0 1 0.106 7.101 0.330 
252 317 2 3 5 0 1 0.072 8.969 0.374 
317 399 2 3 5 0 1 0.019 12.310 0.437 
399 502 2 3 5 0 1 0.000 14.026 0.470 
502 632 2 3 5 0 1 0.000 15.203 0.485 
632 795 2 3 5 0 1 0.000 16.186 0.507 
795 1000 2 3 5 0 1 0.000 18.519 0.529 
1000 3500 2 3 5 0 1 0.000 21.044 0.561 
20 26 3 4 5 0 1 0.254 2.906 0.189 
26 32 3 4 5 0 1 0.236 3.231 0.199 
32 40 3 4 5 0 1 0.218 3.495 0.210 
40 51 3 4 5 0 1 0.213 3.347 0.211 
51 64 3 4 5 0 1 0.195 3.830 0.228 
64 80 3 4 5 0 1 0.187 3.885 0.232 
80 101 3 4 5 0 1 0.169 4.464 0.250 
101 127 3 4 5 0 1 0.153 4.944 0.267 
127 159 3 4 5 0 1 0.142 5.407 0.283 
159 200 3 4 5 0 1 0.126 6.012 0.302 
200 252 3 4 5 0 1 0.104 7.076 0.332 
252 317 3 4 5 0 1 0.078 8.751 0.368 
317 399 3 4 5 0 1 0.045 10.830 0.412 
399 502 3 4 5 0 1 0.000 13.887 0.470 
502 632 3 4 5 0 1 0.000 15.139 0.487 
632 795 3 4 5 0 1 0.000 16.453 0.507 
795 1000 3 4 5 0 1 0.000 18.155 0.529 
1000 3500 3 4 5 0 1 0.000 20.906 0.559 
20 26 4 5 5 0 1 0.238 3.227 0.203 
26 32 4 5 5 0 1 0.234 3.148 0.199 
32 40 4 5 5 0 1 0.219 3.533 0.208 
40 51 4 5 5 0 1 0.211 3.475 0.211 
51 64 4 5 5 0 1 0.198 3.790 0.224 
64 80 4 5 5 0 1 0.184 3.996 0.236 
80 101 4 5 5 0 1 0.169 4.478 0.251 
101 127 4 5 5 0 1 0.154 4.880 0.267 
127 159 4 5 5 0 1 0.139 5.487 0.285 
159 200 4 5 5 0 1 0.123 6.233 0.306 
200 252 4 5 5 0 1 0.107 7.013 0.329 
252 317 4 5 5 0 1 0.070 9.179 0.376 
317 399 4 5 5 0 1 0.038 11.373 0.420 
399 502 4 5 5 0 1 0.000 14.203 0.472 
502 632 4 5 5 0 1 0.000 14.787 0.488 
632 795 4 5 5 0 1 0.000 16.274 0.508 
795 1000 4 5 5 0 1 0.000 17.924 0.532 
1000 3500 4 5 5 0 1 0.000 21.111 0.561 
20 26 5 6 5 0 1 0.240 3.136 0.196 
26 32 5 6 5 0 1 0.232 3.145 0.200 
32 40 5 6 5 0 1 0.219 3.424 0.207 
40 51 5 6 5 0 1 0.212 3.342 0.209 
51 64 5 6 5 0 1 0.197 3.749 0.223 
64 80 5 6 5 0 1 0.184 3.994 0.234 
80 101 5 6 5 0 1 0.171 4.326 0.248 
101 127 5 6 5 0 1 0.151 5.058 0.270 
127 159 5 6 5 0 1 0.141 5.412 0.284 
159 200 5 6 5 0 1 0.126 6.039 0.304 
200 252 5 6 5 0 1 0.101 7.341 0.336 
252 317 5 6 5 0 1 0.078 8.818 0.369 
317 399 5 6 5 0 1 0.069 9.581 0.388 
399 502 5 6 5 0 1 0.011 13.636 0.462 
502 632 5 6 5 0 1 0.000 15.028 0.488 
632 795 5 6 5 0 1 0.000 16.168 0.509 
795 1000 5 6 5 0 1 0.000 18.251 0.532 
1000 3500 5 6 5 0 1 0.000 20.542 0.565 
20 26 6 7 5 0 1 0.238 3.231 0.198 
26 32 6 7 5 0 1 0.235 2.995 0.193 
32 40 6 7 5 0 1 0.217 3.371 0.207 
40 51 6 7 5 0 1 0.210 3.401 0.209 
51 64 6 7 5 0 1 0.194 3.772 0.224 
64 80 6 7 5 0 1 0.187 3.832 0.231 
80 101 6 7 5 0 1 0.166 4.621 0.252 
101 127 6 7 5 0 1 0.158 4.838 0.263 
127 159 6 7 5 0 1 0.142 5.379 0.283 
159 200 6 7 5 0 1 0.114 6.630 0.316 
200 252 6 7 5 0 1 0.109 6.937 0.330 
252 317 6 7 5 0 1 0.088 8.231 0.359 
317 399 6 7 5 0 1 0.032 11.643 0.427 
399 502 6 7 5 0 1 0.000 14.249 0.470 
502 632 6 7 5 0 1 0.000 14.854 0.489 
632 795 6 7 5 0 1 0.000 16.205 0.510 
795 1000 6 7 5 0 1 0.000 17.400 0.531 
1000 3500 6 7 5 0 1 0.000 20.875 0.563 
20 26 7 8 5 0 1 0.238 3.017 0.196 
26 32 7 8 5 0 1 0.233 3.039 0.192 
32 40 7 8 5 0 1 0.218 3.420 0.203 
40 51 7 8 5 0 1 0.210 3.416 0.210 
51 64 7 8 5 0 1 0.196 3.691 0.221 
64 80 7 8 5 0 1 0.189 3.812 0.229 
80 101 7 8 5 0 1 0.167 4.515 0.251 
101 127 7 8 5 0 1 0.156 4.948 0.264 
127 159 7 8 5 0 1 0.139 5.505 0.284 
159 200 7 8 5 0 1 0.126 6.047 0.303 
200 252 7 8 5 0 1 0.095 7.660 0.343 
252 317 7 8 5 0 1 0.059 9.729 0.387 
317 399 7 8 5 0 1 0.052 10.424 0.409 
399 502 7 8 5 0 1 0.000 14.188 0.474 
502 632 7 8 5 0 1 0.000 14.905 0.491 
632 795 7 8 5 0 1 0.000 16.358 0.510 
795 1000 7 8 5 0 1 0.000 18.064 0.533 
1000 3500 7 8 5 0 1 0.000 20.497 0.566 
20 26 8 9 5 0 1 0.237 3.062 0.194 
26 32 8 9 5 0 1 0.223 3.432 0.202 
32 40 8 9 5 0 1 0.216 3.376 0.203 
40 51 8 9 5 0 1 0.211 3.373 0.206 
51 64 8 9 5 0 1 0.189 3.908 0.227 
64 80 8 9 5 0 1 0.179 4.037 0.237 
80 101 8 9 5 0 1 0.166 4.528 0.252 
101 127 8 9 5 0 1 0.151 5.074 0.268 
127 159 8 9 5 0 1 0.130 5.809 0.293 
159 200 8 9 5 0 1 0.117 6.466 0.313 
200 252 8 9 5 0 1 0.099 7.464 0.338 
252 317 8 9 5 0 1 0.081 8.705 0.366 
317 399 8 9 5 0 1 0.029 11.754 0.429 
399 502 8 9 5 0 1 0.009 13.756 0.465 
502 632 8 9 5 0 1 0.000 15.130 0.491 
632 795 8 9 5 0 1 0.000 16.074 0.510 
795 1000 8 9 5 0 1 0.000 18.746 0.536 
1000 3500 8 9 5 0 1 0.000 20.361 0.566 
20 26 9 10 5 0 1 0.238 2.877 0.190 
26 32 9 10 5 0 1 0.217 3.593 0.205 
32 40 9 10 5 0 1 0.215 3.405 0.203 
40 51 9 10 5 0 1 0.202 3.640 0.212 
51 64 9 10 5 0 1 0.192 3.824 0.222 
64 80 9 10 5 0 1 0.179 4.148 0.236 
80 101 9 10 5 0 1 0.164 4.655 0.252 
101 127 9 10 5 0 1 0.150 5.166 0.269 
127 159 9 10 5 0 1 0.142 5.383 0.281 
159 200 9 10 5 0 1 0.118 6.398 0.311 
200 252 9 10 5 0 1 0.100 7.438 0.336 
252 317 9 10 5 0 1 0.082 8.404 0.366 
317 399 9 10 5 0 1 0.014 12.684 0.444 
399 502 9 10 5 0 1 0.000 13.914 0.472 
502 632 9 10 5 0 1 0.000 14.812 0.489 
632 795 9 10 5 0 1 0.000 16.508 0.509 
795 1000 9 10 5 0 1 0.000 18.903 0.533 
1000 3500 9 10 5 0 1 0.000 21.735 0.566 
20 26 10 11 5 0 1 0.218 3.819 0.206 
26 32 10 11 5 0 1 0.213 3.611 0.201 
32 40 10 11 5 0 1 0.212 3.530 0.202 
40 51 10 11 5 0 1 0.202 3.608 0.212 
51 64 10 11 5 0 1 0.193 3.698 0.219 
64 80 10 11 5 0 1 0.178 4.217 0.233 
80 101 10 11 5 0 1 0.169 4.463 0.244 
101 127 10 11 5 0 1 0.155 4.864 0.261 
127 159 10 11 5 0 1 0.142 5.346 0.280 
159 200 10 11 5 0 1 0.120 6.503 0.311 
200 252 10 11 5 0 1 0.102 7.312 0.335 
252 317 10 11 5 0 1 0.048 10.147 0.397 
317 399 10 11 5 0 1 0.019 12.422 0.439 
399 502 10 11 5 0 1 0.000 14.160 0.471 
502 632 10 11 5 0 1 0.000 14.573 0.491 
632 795 10 11 5 0 1 0.000 16.454 0.510 
795 1000 10 11 5 0 1 0.000 17.399 0.534 
1000 3500 10 11 5 0 1 0.000 21.429 0.570 
20 26 11 12 5 0 1 0.231 3.058 0.190 
26 32 11 12 5 0 1 0.222 3.243 0.192 
32 40 11 12 5 0 1 0.213 3.385 0.198 
40 51 11 12 5 0 1 0.211 3.200 0.203 
51 64 11 12 5 0 1 0.191 3.811 0.217 
64 80 11 12 5 0 1 0.179 4.118 0.231 
80 101 11 12 5 0 1 0.168 4.441 0.245 
101 127 11 12 5 0 1 0.151 5.114 0.266 
127 159 11 12 5 0 1 0.144 5.196 0.279 
159 200 11 12 5 0 1 0.118 6.397 0.310 
200 252 11 12 5 0 1 0.098 7.349 0.338 
252 317 11 12 5 0 1 0.051 10.202 0.395 
317 399 11 12 5 0 1 0.034 11.976 0.425 
399 502 11 12 5 0 1 0.000 13.883 0.473 
502 632 11 12 5 0 1 0.000 15.116 0.492 
632 795 11 12 5 0 1 0.000 16.191 0.512 
795 1000 11 12 5 0 1 0.000 19.070 0.539 
1000 3500 11 12 5 0 1 0.000 19.584 0.567 
20 26 12 13 5 0 1 0.240 2.836 0.177 
26 32 12 13 5 0 1 0.224 3.053 0.188 
32 40 12 13 5 0 1 0.196 4.004 0.217 
40 51 12 13 5 0 1 0.201 3.673 0.210 
51 64 12 13 5 0 1 0.192 3.767 0.217 
64 80 12 13 5 0 1 0.176 4.239 0.234 
80 101 12 13 5 0 1 0.169 4.517 0.243 
101 127 12 13 5 0 1 0.150 5.105 0.267 
127 159 12 13 5 0 1 0.128 5.867 0.296 
159 200 12 13 5 0 1 0.128 6.067 0.300 
200 252 12 13 5 0 1 0.097 7.433 0.338 
252 317 12 13 5 0 1 0.063 9.646 0.384 
317 399 12 13 5 0 1 0.078 9.289 0.382 
399 502 12 13 5 0 1 0.000 14.058 0.471 
502 632 12 13 5 0 1 0.000 14.858 0.490 
632 795 12 13 5 0 1 0.000 16.389 0.511 
795 1000 12 13 5 0 1 0.000 17.833 0.539 
1000 3500 12 13 5 0 1 0.000 19.981 0.560 
20 26 13 14 5 0 1 0.237 2.761 0.176 
26 32 13 14 5 0 1 0.217 3.697 0.196 
32 40 13 14 5 0 1 0.194 4.165 0.215 
40 51 13 14 5 0 1 0.195 3.786 0.209 
51 64 13 14 5 0 1 0.196 3.591 0.213 
64 80 13 14 5 0 1 0.169 4.421 0.240 
80 101 13 14 5 0 1 0.158 4.952 0.252 
101 127 13 14 5 0 1 0.150 5.147 0.265 
127 159 13 14 5 0 1 0.135 5.919 0.285 
159 200 13 14 5 0 1 0.115 6.357 0.312 
200 252 13 14 5 0 1 0.121 6.400 0.314 
252 317 13 14 5 0 1 0.077 8.502 0.370 
317 399 13 14 5 0 1 0.000 13.080 0.460 
399 502 13 14 5 0 1 0.000 13.836 0.473 
502 632 13 14 5 0 1 0.000 14.456 0.489 
632 795 13 14 5 0 1 0.000 17.268 0.509 
795 1000 13 14 5 0 1 0.000 19.581 0.529 
1000 3500 13 14 5 0 1 0.000 20.439 0.565 
20 26 14 15 5 0 1 0.236 2.692 0.164 
26 32 14 15 5 0 1 0.235 3.181 0.182 
32 40 14 15 5 0 1 0.200 3.709 0.202 
40 51 14 15 5 0 1 0.216 3.353 0.187 
51 64 14 15 5 0 1 0.176 4.157 0.227 
64 80 14 15 5 0 1 0.180 4.038 0.226 
80 101 14 15 5 0 1 0.170 4.182 0.244 
101 127 14 15 5 0 1 0.150 5.419 0.268 
127 159 14 15 5 0 1 0.140 5.158 0.282 
159 200 14 15 5 0 1 0.118 6.324 0.313 
200 252 14 15 5 0 1 0.105 6.875 0.330 
252 317 14 15 5 0 1 0.055 9.947 0.390 
317 399 14 15 5 0 1 0.000 13.381 0.457 
399 502 14 15 5 0 1 0.000 13.618 0.470 
502 632 14 15 5 0 1 0.000 14.069 0.490 
632 795 14 15 5 0 1 0.000 16.057 0.511 
795 1000 14 15 5 0 1 0.000 18.147 0.540 
1000 3500 14 15 5 0 1 0.017 18.425 0.542 
20 26 15 16 5 0 1 0.234 2.980 0.161 
26 32 15 16 5 0 1 0.223 2.450 0.190 
32 40 15 16 5 0 1 0.201 3.872 0.198 
40 51 15 16 5 0 1 0.214 2.710 0.192 
51 64 15 16 5 0 1 0.191 3.601 0.221 
64 80 15 16 5 0 1 0.158 5.289 0.246 
80 101 15 16 5 0 1 0.166 4.458 0.234 
101 127 15 16 5 0 1 0.154 5.029 0.254 
127 159 15 16 5 0 1 0.139 5.649 0.280 
159 200 15 16 5 0 1 0.130 6.028 0.299 
200 252 15 16 5 0 1 0.074 9.062 0.359 
252 317 15 16 5 0 1 0.000 13.401 0.440 
317 399 15 16 5 0 1 0.000 13.220 0.454 
399 502 15 16 5 0 1 0.000 14.570 0.477 
502 632 15 16 5 0 1 0.000 15.367 0.493 
632 795 15 16 5 0 1 0.000 17.577 0.511 
795 1000 15 16 5 0 1 0.000 19.970 0.535 
1000 3500 15 16 5 0 1 0.166 10.187 0.403 
20 26 16 17 5 0 1 0.124 7.481 0.294 
26 32 16 17 5 0 1 0.267 1.791 0.139 
32 40 16 17 5 0 1 0.227 2.456 0.175 
40 51 16 17 5 0 1 0.195 3.330 0.202 
51 64 16 17 5 0 1 0.186 3.750 0.217 
64 80 16 17 5 0 1 0.178 4.028 0.224 
80 101 16 17 5 0 1 0.142 5.874 0.263 
101 127 16 17 5 0 1 0.147 5.727 0.260 
127 159 16 17 5 0 1 0.127 6.360 0.289 
159 200 16 17 5 0 1 0.053 9.097 0.374 
200 252 16 17 5 0 1 0.111 7.004 0.330 
252 317 16 17 5 0 1 0.000 14.074 0.441 
317 399 16 17 5 0 1 0.000 13.873 0.454 
399 502 16 17 5 0 1 0.000 13.669 0.470 
502 632 16 17 5 0 1 0.000 14.573 0.487 
632 795 16 17 5 0 1 0.000 14.162 0.505 
795 1000 16 17 5 0 1 0.000 16.195 0.528 
1000 3500 16 17 5 0 1 0.000 16.246 0.596 
20 26 17 18 5 0 1 0.207 2.548 0.201 
26 32 17 18 5 0 1 0.000 7.435 0.401 
32 40 17 18 5 0 1 0.247 1.902 0.163 
40 51 17 18 5 0 1 0.207 2.817 0.207 
51 64 17 18 5 0 1 0.203 2.824 0.193 
64 80 17 18 5 0 1 0.196 3.645 0.208 
80 101 17 18 5 0 1 0.123 7.325 0.275 
101 127 17 18 5 0 1 0.167 4.224 0.245 
127 159 17 18 5 0 1 0.000 12.239 0.403 
159 200 17 18 5 0 1 0.081 7.816 0.339 
200 252 17 18 5 0 1 0.109 6.330 0.329 
252 317 17 18 5 0 1 0.000 13.141 0.441 
317 399 17 18 5 0 1 0.006 14.279 0.441 
399 502 17 18 5 0 1 0.000 15.639 0.476 
502 632 17 18 5 0 1 0.000 13.193 0.495 
632 795 17 18 5 0 1 0.000 17.126 0.517 
795 1000 17 18 5 0 1 0.016 14.161 0.529 
1000 3500 17 18 5 0 1 0.148 5.205 0.488 
20 26 18 19 5 0 1 0.251 1.865 0.222 
26 32 18 19 5 0 1 0.243 1.333 0.216 
32 40 18 19 5 0 1 0.221 1.807 0.208 
40 51 18 19 5 0 1 0.226 2.100 0.183 
51 64 18 19 5 0 1 0.216 2.555 0.188 
64 80 18 19 5 0 1 0.051 7.546 0.355 
80 101 18 19 5 0 1 0.169 4.207 0.252 
101 127 18 19 5 0 1 0.162 3.915 0.245 
127 159 18 19 5 0 1 0.149 4.996 0.269 
159 200 18 19 5 0 1 0.079 7.382 0.341 
200 252 18 19 5 0 1 0.109 5.699 0.311 
252 317 18 19 5 0 1 0.000 13.277 0.449 
317 399 18 19 5 0 1 0.000 11.671 0.451 
399 502 18 19 5 0 1 0.000 17.009 0.468 
502 632 18 19 5 0 1 0.039 11.417 0.441 
632 795 18 19 5 0 1 0.000 12.910 0.518 
795 1000 18 19 5 0 1 0.331 2.966 0.223 
1000 3500 18 19 5 0 1 0.000 12.019 0.603 
20 26 19 100 5 0 1 0.270 1.188 0.146 
26 32 19 100 5 0 1 0.214 1.855 0.294 
32 40 19 100 5 0 1 0.206 2.318 0.203 
40 51 19 100 5 0 1 0.247 1.861 0.158 
51 64 19 100 5 0 1 0.216 2.923 0.156 
64 80 19 100 5 0 1 0.220 1.833 0.205 
80 101 19 100 5 0 1 0.142 7.187 0.255 
101 127 19 100 5 0 1 0.130 5.531 0.287 
127 159 19 100 5 0 1 0.169 3.845 0.232 
159 200 19 100 5 0 1 0.068 8.429 0.359 
200 252 19 100 5 0 1 0.000 12.043 0.419 
252 317 19 100 5 0 1 0.000 11.110 0.442 
317 399 19 100 5 0 1 0.000 13.006 0.461 
399 502 19 100 5 0 1 0.000 13.278 0.478 
502 632 19 100 5 0 1 0.000 15.060 0.489 
632 795 19 100 5 0 1 0.000 13.112 0.514 
795 1000 19 100 5 0 1 0.000 22.266 0.547 
1000 3500 19 100 5 0 1 0.000 16.498 0.550 
[gluon]
{2 JetPt Rho 1 x ((x-[0])<0)?0:TMath::Exp(-1.*(x-[0])*[1]/[2])*TMath::Power((x-[0]),[1]-1)*TMath::Power([2]/[1],-1.*[1])/TMath::Gamma([1]) Correction QGL_ptD_gluon}
20 26 0 1 5 0 1 0.235 3.938 0.155 
26 32 0 1 5 0 1 0.238 3.037 0.136 
32 40 0 1 5 0 1 0.220 3.370 0.140 
40 51 0 1 5 0 1 0.201 3.845 0.148 
51 64 0 1 5 0 1 0.196 3.644 0.146 
64 80 0 1 5 0 1 0.184 3.855 0.150 
80 101 0 1 5 0 1 0.177 3.658 0.153 
101 127 0 1 5 0 1 0.175 3.517 0.151 
127 159 0 1 5 0 1 0.153 4.387 0.172 
159 200 0 1 5 0 1 0.148 4.432 0.180 
200 252 0 1 5 0 1 0.131 5.091 0.201 
252 317 0 1 5 0 1 0.130 4.909 0.211 
317 399 0 1 5 0 1 0.111 6.671 0.239 
399 502 0 1 5 0 1 0.079 8.488 0.287 
502 632 0 1 5 0 1 0.000 15.254 0.386 
632 795 0 1 5 0 1 0.000 16.121 0.402 
795 1000 0 1 5 0 1 0.000 16.162 0.425 
1000 3500 0 1 5 0 1 0.000 18.415 0.471 
20 26 1 2 5 0 1 0.238 3.530 0.146 
26 32 1 2 5 0 1 0.234 3.091 0.136 
32 40 1 2 5 0 1 0.217 3.364 0.139 
40 51 1 2 5 0 1 0.201 3.746 0.144 
51 64 1 2 5 0 1 0.197 3.398 0.141 
64 80 1 2 5 0 1 0.193 3.188 0.139 
80 101 1 2 5 0 1 0.178 3.590 0.148 
101 127 1 2 5 0 1 0.173 3.528 0.152 
127 159 1 2 5 0 1 0.158 4.021 0.166 
159 200 1 2 5 0 1 0.152 4.077 0.173 
200 252 1 2 5 0 1 0.141 4.549 0.190 
252 317 1 2 5 0 1 0.120 5.676 0.220 
317 399 1 2 5 0 1 0.102 6.749 0.247 
399 502 1 2 5 0 1 0.074 8.713 0.290 
502 632 1 2 5 0 1 0.000 13.877 0.382 
632 795 1 2 5 0 1 0.000 15.168 0.402 
795 1000 1 2 5 0 1 0.000 15.101 0.434 
1000 3500 1 2 5 0 1 0.000 17.507 0.458 
20 26 2 3 5 0 1 0.236 3.403 0.142 
26 32 2 3 5 0 1 0.220 3.654 0.144 
32 40 2 3 5 0 1 0.217 3.288 0.137 
40 51 2 3 5 0 1 0.200 3.672 0.143 
51 64 2 3 5 0 1 0.196 3.393 0.139 
64 80 2 3 5 0 1 0.194 3.131 0.136 
80 101 2 3 5 0 1 0.177 3.637 0.148 
101 127 2 3 5 0 1 0.173 3.466 0.150 
127 159 2 3 5 0 1 0.159 3.967 0.164 
159 200 2 3 5 0 1 0.152 4.089 0.173 
200 252 2 3 5 0 1 0.140 4.574 0.189 
252 317 2 3 5 0 1 0.127 5.198 0.212 
317 399 2 3 5 0 1 0.107 6.337 0.242 
399 502 2 3 5 0 1 0.096 7.120 0.269 
502 632 2 3 5 0 1 0.006 14.077 0.376 
632 795 2 3 5 0 1 0.000 14.436 0.404 
795 1000 2 3 5 0 1 0.000 15.951 0.423 
1000 3500 2 3 5 0 1 0.000 16.607 0.455 
20 26 3 4 5 0 1 0.235 3.265 0.139 
26 32 3 4 5 0 1 0.220 3.607 0.142 
32 40 3 4 5 0 1 0.217 3.197 0.134 
40 51 3 4 5 0 1 0.200 3.605 0.142 
51 64 3 4 5 0 1 0.197 3.218 0.137 
64 80 3 4 5 0 1 0.182 3.717 0.146 
80 101 3 4 5 0 1 0.178 3.532 0.147 
101 127 3 4 5 0 1 0.171 3.576 0.151 
127 159 3 4 5 0 1 0.158 3.954 0.164 
159 200 3 4 5 0 1 0.150 4.178 0.173 
200 252 3 4 5 0 1 0.138 4.655 0.192 
252 317 3 4 5 0 1 0.128 5.125 0.210 
317 399 3 4 5 0 1 0.113 5.919 0.237 
399 502 3 4 5 0 1 0.088 7.501 0.275 
502 632 3 4 5 0 1 0.050 10.420 0.333 
632 795 3 4 5 0 1 0.007 14.186 0.398 
795 1000 3 4 5 0 1 0.000 15.751 0.424 
1000 3500 3 4 5 0 1 0.000 16.615 0.455 
20 26 4 5 5 0 1 0.233 3.249 0.139 
26 32 4 5 5 0 1 0.218 3.532 0.142 
32 40 4 5 5 0 1 0.216 3.112 0.134 
40 51 4 5 5 0 1 0.200 3.568 0.140 
51 64 4 5 5 0 1 0.197 3.217 0.137 
64 80 4 5 5 0 1 0.195 2.982 0.134 
80 101 4 5 5 0 1 0.177 3.585 0.147 
101 127 4 5 5 0 1 0.174 3.394 0.149 
127 159 4 5 5 0 1 0.158 4.013 0.164 
159 200 4 5 5 0 1 0.153 4.018 0.171 
200 252 4 5 5 0 1 0.143 4.428 0.187 
252 317 4 5 5 0 1 0.128 5.168 0.211 
317 399 4 5 5 0 1 0.113 5.977 0.238 
399 502 4 5 5 0 1 0.085 7.824 0.281 
502 632 4 5 5 0 1 0.042 11.236 0.342 
632 795 4 5 5 0 1 0.000 14.521 0.405 
795 1000 4 5 5 0 1 0.000 15.575 0.428 
1000 3500 4 5 5 0 1 0.000 16.281 0.452 
20 26 5 6 5 0 1 0.235 3.077 0.135 
26 32 5 6 5 0 1 0.218 3.448 0.140 
32 40 5 6 5 0 1 0.216 3.118 0.133 
40 51 5 6 5 0 1 0.199 3.553 0.141 
51 64 5 6 5 0 1 0.197 3.193 0.136 
64 80 5 6 5 0 1 0.181 3.688 0.146 
80 101 5 6 5 0 1 0.177 3.578 0.147 
101 127 5 6 5 0 1 0.173 3.457 0.149 
127 159 5 6 5 0 1 0.159 3.926 0.163 
159 200 5 6 5 0 1 0.152 4.045 0.173 
200 252 5 6 5 0 1 0.139 4.602 0.191 
252 317 5 6 5 0 1 0.125 5.297 0.213 
317 399 5 6 5 0 1 0.112 5.977 0.239 
399 502 5 6 5 0 1 0.090 7.575 0.275 
502 632 5 6 5 0 1 0.049 10.570 0.336 
632 795 5 6 5 0 1 0.000 14.111 0.403 
795 1000 5 6 5 0 1 0.000 15.186 0.429 
1000 3500 5 6 5 0 1 0.000 18.377 0.454 
20 26 6 7 5 0 1 0.221 3.748 0.147 
26 32 6 7 5 0 1 0.218 3.344 0.138 
32 40 6 7 5 0 1 0.215 3.088 0.133 
40 51 6 7 5 0 1 0.199 3.531 0.140 
51 64 6 7 5 0 1 0.196 3.205 0.136 
64 80 6 7 5 0 1 0.180 3.733 0.147 
80 101 6 7 5 0 1 0.177 3.496 0.146 
101 127 6 7 5 0 1 0.173 3.507 0.149 
127 159 6 7 5 0 1 0.157 3.990 0.165 
159 200 6 7 5 0 1 0.151 4.111 0.174 
200 252 6 7 5 0 1 0.140 4.491 0.191 
252 317 6 7 5 0 1 0.128 5.018 0.211 
317 399 6 7 5 0 1 0.111 5.989 0.240 
399 502 6 7 5 0 1 0.084 7.854 0.282 
502 632 6 7 5 0 1 0.038 11.450 0.348 
632 795 6 7 5 0 1 0.000 14.457 0.406 
795 1000 6 7 5 0 1 0.000 14.784 0.427 
1000 3500 6 7 5 0 1 0.000 17.260 0.455 
20 26 7 8 5 0 1 0.220 3.752 0.144 
26 32 7 8 5 0 1 0.216 3.410 0.138 
32 40 7 8 5 0 1 0.216 3.024 0.131 
40 51 7 8 5 0 1 0.199 3.440 0.139 
51 64 7 8 5 0 1 0.196 3.228 0.135 
64 80 7 8 5 0 1 0.182 3.653 0.144 
80 101 7 8 5 0 1 0.176 3.560 0.147 
101 127 7 8 5 0 1 0.173 3.426 0.149 
127 159 7 8 5 0 1 0.157 4.005 0.164 
159 200 7 8 5 0 1 0.152 4.062 0.173 
200 252 7 8 5 0 1 0.138 4.634 0.192 
252 317 7 8 5 0 1 0.128 5.021 0.211 
317 399 7 8 5 0 1 0.109 6.212 0.243 
399 502 7 8 5 0 1 0.090 7.397 0.277 
502 632 7 8 5 0 1 0.035 11.392 0.350 
632 795 7 8 5 0 1 0.000 14.454 0.407 
795 1000 7 8 5 0 1 0.000 15.903 0.430 
1000 3500 7 8 5 0 1 0.000 16.673 0.457 
20 26 8 9 5 0 1 0.218 3.706 0.145 
26 32 8 9 5 0 1 0.216 3.325 0.137 
32 40 8 9 5 0 1 0.202 3.788 0.141 
40 51 8 9 5 0 1 0.199 3.411 0.138 
51 64 8 9 5 0 1 0.197 3.103 0.134 
64 80 8 9 5 0 1 0.181 3.621 0.145 
80 101 8 9 5 0 1 0.176 3.541 0.146 
101 127 8 9 5 0 1 0.173 3.439 0.148 
127 159 8 9 5 0 1 0.159 3.895 0.163 
159 200 8 9 5 0 1 0.153 3.958 0.171 
200 252 8 9 5 0 1 0.140 4.490 0.191 
252 317 8 9 5 0 1 0.127 5.153 0.212 
317 399 8 9 5 0 1 0.109 6.249 0.243 
399 502 8 9 5 0 1 0.091 7.498 0.277 
502 632 8 9 5 0 1 0.047 10.626 0.339 
632 795 8 9 5 0 1 0.000 14.509 0.408 
795 1000 8 9 5 0 1 0.000 15.006 0.432 
1000 3500 8 9 5 0 1 0.000 15.541 0.457 
20 26 9 10 5 0 1 0.218 3.582 0.143 
26 32 9 10 5 0 1 0.218 3.215 0.134 
32 40 9 10 5 0 1 0.216 2.850 0.127 
40 51 9 10 5 0 1 0.199 3.366 0.136 
51 64 9 10 5 0 1 0.196 3.130 0.134 
64 80 9 10 5 0 1 0.180 3.641 0.144 
80 101 9 10 5 0 1 0.176 3.563 0.146 
101 127 9 10 5 0 1 0.174 3.375 0.148 
127 159 9 10 5 0 1 0.159 3.883 0.163 
159 200 9 10 5 0 1 0.152 4.090 0.173 
200 252 9 10 5 0 1 0.143 4.378 0.188 
252 317 9 10 5 0 1 0.126 5.295 0.213 
317 399 9 10 5 0 1 0.099 6.733 0.251 
399 502 9 10 5 0 1 0.086 7.983 0.281 
502 632 9 10 5 0 1 0.046 10.721 0.339 
632 795 9 10 5 0 1 0.000 14.987 0.409 
795 1000 9 10 5 0 1 0.000 15.660 0.431 
1000 3500 9 10 5 0 1 0.000 19.798 0.467 
20 26 10 11 5 0 1 0.216 3.553 0.142 
26 32 10 11 5 0 1 0.215 3.259 0.135 
32 40 10 11 5 0 1 0.217 2.762 0.126 
40 51 10 11 5 0 1 0.199 3.261 0.134 
51 64 10 11 5 0 1 0.194 3.192 0.135 
64 80 10 11 5 0 1 0.180 3.621 0.143 
80 101 10 11 5 0 1 0.175 3.610 0.147 
101 127 10 11 5 0 1 0.173 3.422 0.148 
127 159 10 11 5 0 1 0.158 3.929 0.164 
159 200 10 11 5 0 1 0.152 4.023 0.172 
200 252 10 11 5 0 1 0.139 4.572 0.191 
252 317 10 11 5 0 1 0.122 5.333 0.216 
317 399 10 11 5 0 1 0.104 6.508 0.247 
399 502 10 11 5 0 1 0.086 7.627 0.283 
502 632 10 11 5 0 1 0.027 11.749 0.360 
632 795 10 11 5 0 1 0.000 13.590 0.408 
795 1000 10 11 5 0 1 0.000 14.404 0.428 
1000 3500 10 11 5 0 1 0.000 18.271 0.462 
20 26 11 12 5 0 1 0.217 3.396 0.139 
26 32 11 12 5 0 1 0.215 3.176 0.133 
32 40 11 12 5 0 1 0.216 2.780 0.124 
40 51 11 12 5 0 1 0.198 3.359 0.135 
51 64 11 12 5 0 1 0.194 3.123 0.133 
64 80 11 12 5 0 1 0.180 3.620 0.143 
80 101 11 12 5 0 1 0.177 3.474 0.144 
101 127 11 12 5 0 1 0.173 3.347 0.148 
127 159 11 12 5 0 1 0.157 3.905 0.164 
159 200 11 12 5 0 1 0.154 3.940 0.170 
200 252 11 12 5 0 1 0.143 4.361 0.186 
252 317 11 12 5 0 1 0.131 4.870 0.208 
317 399 11 12 5 0 1 0.111 6.115 0.241 
399 502 11 12 5 0 1 0.092 7.414 0.276 
502 632 11 12 5 0 1 0.009 13.013 0.375 
632 795 11 12 5 0 1 0.000 14.819 0.407 
795 1000 11 12 5 0 1 0.000 15.071 0.433 
1000 3500 11 12 5 0 1 0.000 16.090 0.459 
20 26 12 13 5 0 1 0.214 3.470 0.141 
26 32 12 13 5 0 1 0.216 2.996 0.129 
32 40 12 13 5 0 1 0.201 3.466 0.136 
40 51 12 13 5 0 1 0.199 3.243 0.134 
51 64 12 13 5 0 1 0.196 3.039 0.131 
64 80 12 13 5 0 1 0.195 2.788 0.129 
80 101 12 13 5 0 1 0.173 3.610 0.146 
101 127 12 13 5 0 1 0.175 3.212 0.145 
127 159 12 13 5 0 1 0.158 3.939 0.162 
159 200 12 13 5 0 1 0.152 4.005 0.172 
200 252 12 13 5 0 1 0.137 4.732 0.191 
252 317 12 13 5 0 1 0.123 5.498 0.216 
317 399 12 13 5 0 1 0.104 6.479 0.246 
399 502 12 13 5 0 1 0.097 6.889 0.274 
502 632 12 13 5 0 1 0.014 13.177 0.369 
632 795 12 13 5 0 1 0.000 14.880 0.405 
795 1000 12 13 5 0 1 0.000 15.306 0.428 
1000 3500 12 13 5 0 1 0.000 18.914 0.450 
20 26 13 14 5 0 1 0.216 3.402 0.134 
26 32 13 14 5 0 1 0.217 3.009 0.126 
32 40 13 14 5 0 1 0.198 3.662 0.138 
40 51 13 14 5 0 1 0.196 3.315 0.134 
51 64 13 14 5 0 1 0.195 3.017 0.130 
64 80 13 14 5 0 1 0.177 3.671 0.144 
80 101 13 14 5 0 1 0.173 3.545 0.145 
101 127 13 14 5 0 1 0.172 3.366 0.147 
127 159 13 14 5 0 1 0.155 4.073 0.164 
159 200 13 14 5 0 1 0.151 4.018 0.171 
200 252 13 14 5 0 1 0.140 4.472 0.190 
252 317 13 14 5 0 1 0.132 4.895 0.204 
317 399 13 14 5 0 1 0.119 5.601 0.232 
399 502 13 14 5 0 1 0.107 6.617 0.259 
502 632 13 14 5 0 1 0.025 11.504 0.362 
632 795 13 14 5 0 1 0.041 10.748 0.363 
795 1000 13 14 5 0 1 0.000 13.711 0.425 
1000 3500 13 14 5 0 1 0.000 17.373 0.470 
20 26 14 15 5 0 1 0.220 3.060 0.128 
26 32 14 15 5 0 1 0.217 2.907 0.124 
32 40 14 15 5 0 1 0.198 3.489 0.136 
40 51 14 15 5 0 1 0.194 3.485 0.135 
51 64 14 15 5 0 1 0.199 2.868 0.126 
64 80 14 15 5 0 1 0.178 3.634 0.144 
80 101 14 15 5 0 1 0.172 3.663 0.148 
101 127 14 15 5 0 1 0.174 3.214 0.144 
127 159 14 15 5 0 1 0.157 3.899 0.163 
159 200 14 15 5 0 1 0.155 3.905 0.168 
200 252 14 15 5 0 1 0.144 4.302 0.182 
252 317 14 15 5 0 1 0.131 5.010 0.207 
317 399 14 15 5 0 1 0.116 5.812 0.236 
399 502 14 15 5 0 1 0.075 8.656 0.291 
502 632 14 15 5 0 1 0.075 8.539 0.307 
632 795 14 15 5 0 1 0.037 12.041 0.367 
795 1000 14 15 5 0 1 0.000 14.569 0.430 
1000 3500 14 15 5 0 1 0.000 12.094 0.445 
20 26 15 16 5 0 1 0.196 4.282 0.148 
26 32 15 16 5 0 1 0.198 3.847 0.137 
32 40 15 16 5 0 1 0.196 3.786 0.136 
40 51 15 16 5 0 1 0.194 3.417 0.132 
51 64 15 16 5 0 1 0.194 3.025 0.129 
64 80 15 16 5 0 1 0.180 3.443 0.139 
80 101 15 16 5 0 1 0.179 3.185 0.142 
101 127 15 16 5 0 1 0.164 3.727 0.153 
127 159 15 16 5 0 1 0.155 3.980 0.162 
159 200 15 16 5 0 1 0.150 4.084 0.173 
200 252 15 16 5 0 1 0.145 4.160 0.183 
252 317 15 16 5 0 1 0.120 5.485 0.215 
317 399 15 16 5 0 1 0.099 6.805 0.252 
399 502 15 16 5 0 1 0.080 8.240 0.283 
502 632 15 16 5 0 1 0.000 13.239 0.381 
632 795 15 16 5 0 1 0.076 9.356 0.325 
795 1000 15 16 5 0 1 0.000 10.661 0.424 
1000 3500 15 16 5 0 1 0.000 7.172 0.535 
20 26 16 17 5 0 1 0.000 1.000 0.224 
26 32 16 17 5 0 1 0.201 3.588 0.144 
32 40 16 17 5 0 1 0.197 3.694 0.136 
40 51 16 17 5 0 1 0.201 3.094 0.124 
51 64 16 17 5 0 1 0.196 2.904 0.127 
64 80 16 17 5 0 1 0.176 3.610 0.142 
80 101 16 17 5 0 1 0.174 3.599 0.143 
101 127 16 17 5 0 1 0.173 3.353 0.144 
127 159 16 17 5 0 1 0.154 4.093 0.165 
159 200 16 17 5 0 1 0.150 4.157 0.169 
200 252 16 17 5 0 1 0.136 4.587 0.190 
252 317 16 17 5 0 1 0.112 6.018 0.223 
317 399 16 17 5 0 1 0.090 8.045 0.261 
399 502 16 17 5 0 1 0.084 8.057 0.281 
502 632 16 17 5 0 1 0.020 12.115 0.357 
632 795 16 17 5 0 1 0.000 12.638 0.407 
795 1000 16 17 5 0 1 0.129 4.803 0.345 
1000 3500 16 17 5 0 1 0.000 9.512 0.514 
20 26 17 18 5 0 1 0.200 4.623 0.140 
26 32 17 18 5 0 1 0.199 3.814 0.132 
32 40 17 18 5 0 1 0.206 2.857 0.122 
40 51 17 18 5 0 1 0.193 3.365 0.137 
51 64 17 18 5 0 1 0.184 3.704 0.135 
64 80 17 18 5 0 1 0.179 3.808 0.134 
80 101 17 18 5 0 1 0.174 3.438 0.142 
101 127 17 18 5 0 1 0.177 3.182 0.138 
127 159 17 18 5 0 1 0.159 3.858 0.158 
159 200 17 18 5 0 1 0.141 4.279 0.182 
200 252 17 18 5 0 1 0.138 4.841 0.191 
252 317 17 18 5 0 1 0.127 5.182 0.205 
317 399 17 18 5 0 1 0.152 3.558 0.188 
399 502 17 18 5 0 1 0.000 13.247 0.361 
502 632 17 18 5 0 1 0.000 16.902 0.396 
632 795 17 18 5 0 1 0.000 13.824 0.399 
795 1000 17 18 5 0 1 0.000 6.959 0.487 
1000 3500 17 18 5 0 1 0.000 15.675 0.435 
20 26 18 19 5 0 1 0.197 3.487 0.138 
26 32 18 19 5 0 1 0.218 3.084 0.105 
32 40 18 19 5 0 1 0.200 2.971 0.127 
40 51 18 19 5 0 1 0.181 4.125 0.135 
51 64 18 19 5 0 1 0.191 3.225 0.127 
64 80 18 19 5 0 1 0.178 3.899 0.138 
80 101 18 19 5 0 1 0.177 3.376 0.137 
101 127 18 19 5 0 1 0.177 3.116 0.142 
127 159 18 19 5 0 1 0.145 4.302 0.167 
159 200 18 19 5 0 1 0.142 4.254 0.175 
200 252 18 19 5 0 1 0.152 4.029 0.176 
252 317 18 19 5 0 1 0.118 6.133 0.217 
317 399 18 19 5 0 1 0.000 1.000 0.399 
399 502 18 19 5 0 1 0.000 1.000 0.407 
502 632 18 19 5 0 1 0.000 13.916 0.381 
632 795 18 19 5 0 1 0.000 7.489 0.421 
795 1000 18 19 5 0 1 0.268 1.176 0.158 
1000 3500 18 19 5 0 1 0.349 1.052 0.112 
20 26 19 100 5 0 1 0.270 1.053 0.084 
26 32 19 100 5 0 1 0.215 2.462 0.124 
32 40 19 100 5 0 1 0.192 3.548 0.135 
40 51 19 100 5 0 1 0.200 2.718 0.124 
51 64 19 100 5 0 1 0.181 3.788 0.128 
64 80 19 100 5 0 1 0.164 4.441 0.149 
80 101 19 100 5 0 1 0.172 3.810 0.137 
101 127 19 100 5 0 1 0.165 3.751 0.143 
127 159 19 100 5 0 1 0.146 4.540 0.163 
159 200 19 100 5 0 1 0.140 4.286 0.175 
200 252 19 100 5 0 1 0.125 5.325 0.203 
252 317 19 100 5 0 1 0.135 5.075 0.197 
317 399 19 100 5 0 1 0.108 6.291 0.240 
399 502 19 100 5 0 1 0.000 11.466 0.360 
502 632 19 100 5 0 1 0.014 11.929 0.389 
632 795 19 100 5 0 1 0.174 1.849 0.414 
795 1000 19 100 5 0 1 0.130 4.738 0.361 
1000 3500 19 100 5 0 1 0.315 1.627 0.174 
