[quark]
{2 JetPt Rho 1 x TMath::Exp(-1.*x*[0]/[1])*TMath::Power(x,[0]-1)*TMath::Power([1]/[0],-1.*[0])/TMath::Gamma([0]) Correction QGL_nNeutral_quark}
20 26 0 1 4 0 100 11.399 5.135 
26 32 0 1 4 0 100 2.187 1.565 
32 40 0 1 4 0 100 20.000 6.531 
40 51 0 1 4 0 100 9.540 5.195 
51 64 0 1 4 0 100 17.162 6.652 
64 80 0 1 4 0 100 17.728 7.140 
80 101 0 1 4 0 100 10.909 7.177 
101 127 0 1 4 0 100 3.441 7.506 
127 159 0 1 4 0 100 6.689 7.153 
159 200 0 1 4 0 100 14.163 13.412 
200 252 0 1 4 0 100 2.989 10.501 
252 317 0 1 4 0 100 4.194 15.715 
317 399 0 1 4 0 100 4.220 14.513 
399 502 0 1 4 0 100 11.853 11.075 
502 632 0 1 4 0 100 7.320 13.796 
632 795 0 1 4 0 100 20.000 11.106 
795 1000 0 1 4 0 100 20.000 24.081 
1000 4000 0 1 4 0 100 20.000 8.286 
20 26 1 2 4 0 100 1.836 6.626 
26 32 1 2 4 0 100 2.650 8.799 
32 40 1 2 4 0 100 3.459 7.147 
40 51 1 2 4 0 100 2.261 9.564 
51 64 1 2 4 0 100 1.831 12.742 
64 80 1 2 4 0 100 6.742 13.165 
80 101 1 2 4 0 100 2.941 11.344 
101 127 1 2 4 0 100 2.289 11.435 
127 159 1 2 4 0 100 2.417 17.436 
159 200 1 2 4 0 100 2.566 12.289 
200 252 1 2 4 0 100 3.379 13.535 
252 317 1 2 4 0 100 4.059 16.046 
317 399 1 2 4 0 100 2.695 18.083 
399 502 1 2 4 0 100 2.193 18.952 
502 632 1 2 4 0 100 2.063 19.098 
632 795 1 2 4 0 100 2.316 17.814 
795 1000 1 2 4 0 100 5.322 17.199 
1000 4000 1 2 4 0 100 4.823 20.057 
20 26 2 3 4 0 100 1.630 10.542 
26 32 2 3 4 0 100 2.522 11.955 
32 40 2 3 4 0 100 5.114 8.592 
40 51 2 3 4 0 100 5.904 9.459 
51 64 2 3 4 0 100 3.641 9.877 
64 80 2 3 4 0 100 5.757 10.801 
80 101 2 3 4 0 100 5.020 11.111 
101 127 2 3 4 0 100 4.228 12.366 
127 159 2 3 4 0 100 3.662 14.219 
159 200 2 3 4 0 100 2.786 13.423 
200 252 2 3 4 0 100 4.795 14.266 
252 317 2 3 4 0 100 3.694 14.094 
317 399 2 3 4 0 100 3.879 16.485 
399 502 2 3 4 0 100 3.445 15.738 
502 632 2 3 4 0 100 3.318 18.119 
632 795 2 3 4 0 100 3.020 17.533 
795 1000 2 3 4 0 100 3.717 16.557 
1000 4000 2 3 4 0 100 3.655 18.940 
20 26 3 4 4 0 100 3.854 6.511 
26 32 3 4 4 0 100 5.932 7.441 
32 40 3 4 4 0 100 5.471 8.692 
40 51 3 4 4 0 100 4.565 9.481 
51 64 3 4 4 0 100 4.721 9.847 
64 80 3 4 4 0 100 4.318 10.960 
80 101 3 4 4 0 100 4.773 11.383 
101 127 3 4 4 0 100 4.551 12.064 
127 159 3 4 4 0 100 4.190 13.183 
159 200 3 4 4 0 100 3.979 14.079 
200 252 3 4 4 0 100 4.201 14.104 
252 317 3 4 4 0 100 4.257 15.626 
317 399 3 4 4 0 100 3.937 15.971 
399 502 3 4 4 0 100 4.455 16.414 
502 632 3 4 4 0 100 3.863 17.068 
632 795 3 4 4 0 100 4.384 16.724 
795 1000 3 4 4 0 100 4.551 19.505 
1000 4000 3 4 4 0 100 4.498 17.565 
20 26 4 5 4 0 100 4.481 7.163 
26 32 4 5 4 0 100 5.456 7.714 
32 40 4 5 4 0 100 5.503 9.002 
40 51 4 5 4 0 100 5.554 9.871 
51 64 4 5 4 0 100 5.332 10.963 
64 80 4 5 4 0 100 5.144 11.001 
80 101 4 5 4 0 100 5.062 12.412 
101 127 4 5 4 0 100 4.832 12.964 
127 159 4 5 4 0 100 4.880 12.958 
159 200 4 5 4 0 100 4.801 14.012 
200 252 4 5 4 0 100 4.196 14.804 
252 317 4 5 4 0 100 4.807 15.775 
317 399 4 5 4 0 100 4.635 16.258 
399 502 4 5 4 0 100 4.373 16.052 
502 632 4 5 4 0 100 4.936 17.632 
632 795 4 5 4 0 100 4.766 17.680 
795 1000 4 5 4 0 100 5.372 17.725 
1000 4000 4 5 4 0 100 4.874 17.392 
20 26 5 6 4 0 100 6.686 7.578 
26 32 5 6 4 0 100 5.398 8.046 
32 40 5 6 4 0 100 5.157 9.146 
40 51 5 6 4 0 100 5.358 9.638 
51 64 5 6 4 0 100 5.655 10.720 
64 80 5 6 4 0 100 4.961 11.708 
80 101 5 6 4 0 100 5.200 12.576 
101 127 5 6 4 0 100 5.020 12.941 
127 159 5 6 4 0 100 5.105 13.817 
159 200 5 6 4 0 100 4.474 14.759 
200 252 5 6 4 0 100 4.969 15.146 
252 317 5 6 4 0 100 4.646 16.094 
317 399 5 6 4 0 100 4.817 16.874 
399 502 5 6 4 0 100 4.644 17.240 
502 632 5 6 4 0 100 4.869 17.981 
632 795 5 6 4 0 100 5.171 18.202 
795 1000 5 6 4 0 100 5.313 18.335 
1000 4000 5 6 4 0 100 5.588 16.809 
20 26 6 7 4 0 100 4.998 7.751 
26 32 6 7 4 0 100 5.773 8.765 
32 40 6 7 4 0 100 5.950 9.300 
40 51 6 7 4 0 100 5.663 10.016 
51 64 6 7 4 0 100 5.822 11.220 
64 80 6 7 4 0 100 5.923 12.211 
80 101 6 7 4 0 100 5.341 12.594 
101 127 6 7 4 0 100 5.197 13.440 
127 159 6 7 4 0 100 4.758 14.391 
159 200 6 7 4 0 100 4.983 15.276 
200 252 6 7 4 0 100 4.975 15.771 
252 317 6 7 4 0 100 4.871 16.273 
317 399 6 7 4 0 100 4.970 17.016 
399 502 6 7 4 0 100 4.782 18.102 
502 632 6 7 4 0 100 4.785 17.972 
632 795 6 7 4 0 100 4.763 18.773 
795 1000 6 7 4 0 100 5.701 18.923 
1000 4000 6 7 4 0 100 5.560 17.699 
20 26 7 8 4 0 100 5.800 8.083 
26 32 7 8 4 0 100 5.855 8.886 
32 40 7 8 4 0 100 6.294 9.813 
40 51 7 8 4 0 100 6.531 10.707 
51 64 7 8 4 0 100 6.187 11.432 
64 80 7 8 4 0 100 5.828 12.288 
80 101 7 8 4 0 100 5.577 13.223 
101 127 7 8 4 0 100 5.491 13.867 
127 159 7 8 4 0 100 5.364 14.633 
159 200 7 8 4 0 100 5.133 15.185 
200 252 7 8 4 0 100 5.275 16.172 
252 317 7 8 4 0 100 5.156 16.587 
317 399 7 8 4 0 100 5.420 17.545 
399 502 7 8 4 0 100 5.228 18.334 
502 632 7 8 4 0 100 5.199 18.989 
632 795 7 8 4 0 100 5.349 18.975 
795 1000 7 8 4 0 100 5.572 19.294 
1000 4000 7 8 4 0 100 6.498 18.096 
20 26 8 9 4 0 100 5.685 8.681 
26 32 8 9 4 0 100 6.143 9.378 
32 40 8 9 4 0 100 6.661 10.138 
40 51 8 9 4 0 100 6.157 10.958 
51 64 8 9 4 0 100 6.237 11.911 
64 80 8 9 4 0 100 5.994 12.486 
80 101 8 9 4 0 100 5.686 13.543 
101 127 8 9 4 0 100 5.565 14.517 
127 159 8 9 4 0 100 5.265 15.120 
159 200 8 9 4 0 100 5.314 15.666 
200 252 8 9 4 0 100 5.165 16.535 
252 317 8 9 4 0 100 5.075 17.250 
317 399 8 9 4 0 100 5.263 18.038 
399 502 8 9 4 0 100 5.203 18.846 
502 632 8 9 4 0 100 5.580 19.170 
632 795 8 9 4 0 100 5.768 19.589 
795 1000 8 9 4 0 100 5.910 19.383 
1000 4000 8 9 4 0 100 5.877 18.800 
20 26 9 10 4 0 100 6.960 9.076 
26 32 9 10 4 0 100 6.536 9.747 
32 40 9 10 4 0 100 7.073 10.714 
40 51 9 10 4 0 100 6.773 11.474 
51 64 9 10 4 0 100 6.234 12.156 
64 80 9 10 4 0 100 6.226 13.115 
80 101 9 10 4 0 100 5.901 13.979 
101 127 9 10 4 0 100 5.934 14.577 
127 159 9 10 4 0 100 5.373 15.265 
159 200 9 10 4 0 100 5.450 16.143 
200 252 9 10 4 0 100 5.330 16.915 
252 317 9 10 4 0 100 5.263 17.453 
317 399 9 10 4 0 100 5.377 18.339 
399 502 9 10 4 0 100 5.454 19.021 
502 632 9 10 4 0 100 5.727 19.802 
632 795 9 10 4 0 100 5.781 20.153 
795 1000 9 10 4 0 100 6.121 20.144 
1000 4000 9 10 4 0 100 6.247 18.990 
20 26 10 11 4 0 100 6.233 9.326 
26 32 10 11 4 0 100 6.714 10.333 
32 40 10 11 4 0 100 7.098 10.979 
40 51 10 11 4 0 100 6.668 11.848 
51 64 10 11 4 0 100 6.525 12.775 
64 80 10 11 4 0 100 6.387 13.450 
80 101 10 11 4 0 100 6.456 14.124 
101 127 10 11 4 0 100 6.003 15.164 
127 159 10 11 4 0 100 5.692 15.814 
159 200 10 11 4 0 100 5.498 16.397 
200 252 10 11 4 0 100 5.333 17.198 
252 317 10 11 4 0 100 5.268 17.950 
317 399 10 11 4 0 100 5.431 18.833 
399 502 10 11 4 0 100 5.439 19.340 
502 632 10 11 4 0 100 5.718 19.940 
632 795 10 11 4 0 100 5.941 20.219 
795 1000 10 11 4 0 100 6.260 20.040 
1000 4000 10 11 4 0 100 6.632 19.409 
20 26 11 12 4 0 100 7.434 9.840 
26 32 11 12 4 0 100 7.032 10.515 
32 40 11 12 4 0 100 7.158 11.328 
40 51 11 12 4 0 100 6.743 12.202 
51 64 11 12 4 0 100 6.456 13.135 
64 80 11 12 4 0 100 6.273 13.796 
80 101 11 12 4 0 100 6.184 14.517 
101 127 11 12 4 0 100 5.871 15.401 
127 159 11 12 4 0 100 5.860 16.088 
159 200 11 12 4 0 100 5.653 16.766 
200 252 11 12 4 0 100 5.658 17.574 
252 317 11 12 4 0 100 5.598 18.322 
317 399 11 12 4 0 100 5.469 19.073 
399 502 11 12 4 0 100 5.790 19.608 
502 632 11 12 4 0 100 5.840 20.207 
632 795 11 12 4 0 100 6.196 20.517 
795 1000 11 12 4 0 100 6.249 20.370 
1000 4000 11 12 4 0 100 7.029 20.026 
20 26 12 13 4 0 100 7.106 10.084 
26 32 12 13 4 0 100 7.445 10.973 
32 40 12 13 4 0 100 6.947 11.706 
40 51 12 13 4 0 100 7.143 12.596 
51 64 12 13 4 0 100 6.687 13.499 
64 80 12 13 4 0 100 6.604 14.041 
80 101 12 13 4 0 100 6.445 14.776 
101 127 12 13 4 0 100 6.388 15.761 
127 159 12 13 4 0 100 5.888 16.406 
159 200 12 13 4 0 100 5.855 17.108 
200 252 12 13 4 0 100 5.706 17.911 
252 317 12 13 4 0 100 5.732 18.571 
317 399 12 13 4 0 100 5.796 19.408 
399 502 12 13 4 0 100 5.808 20.106 
502 632 12 13 4 0 100 6.012 20.653 
632 795 12 13 4 0 100 6.399 20.921 
795 1000 12 13 4 0 100 6.505 21.080 
1000 4000 12 13 4 0 100 6.960 20.210 
20 26 13 14 4 0 100 7.416 10.442 
26 32 13 14 4 0 100 7.393 11.302 
32 40 13 14 4 0 100 7.906 12.063 
40 51 13 14 4 0 100 7.268 12.882 
51 64 13 14 4 0 100 7.081 13.692 
64 80 13 14 4 0 100 6.615 14.456 
80 101 13 14 4 0 100 6.565 15.230 
101 127 13 14 4 0 100 6.449 16.050 
127 159 13 14 4 0 100 5.966 16.778 
159 200 13 14 4 0 100 5.978 17.424 
200 252 13 14 4 0 100 5.890 18.165 
252 317 13 14 4 0 100 5.669 18.895 
317 399 13 14 4 0 100 6.060 19.660 
399 502 13 14 4 0 100 6.036 20.450 
502 632 13 14 4 0 100 6.459 20.933 
632 795 13 14 4 0 100 6.552 21.258 
795 1000 13 14 4 0 100 6.833 21.250 
1000 4000 13 14 4 0 100 7.374 20.588 
20 26 14 15 4 0 100 7.301 10.951 
26 32 14 15 4 0 100 7.713 11.626 
32 40 14 15 4 0 100 7.695 12.335 
40 51 14 15 4 0 100 7.542 13.309 
51 64 14 15 4 0 100 7.205 14.019 
64 80 14 15 4 0 100 6.993 14.907 
80 101 14 15 4 0 100 6.573 15.605 
101 127 14 15 4 0 100 6.317 16.377 
127 159 14 15 4 0 100 6.287 17.069 
159 200 14 15 4 0 100 6.074 17.721 
200 252 14 15 4 0 100 5.973 18.497 
252 317 14 15 4 0 100 5.988 19.302 
317 399 14 15 4 0 100 6.002 20.061 
399 502 14 15 4 0 100 6.157 20.648 
502 632 14 15 4 0 100 6.398 21.288 
632 795 14 15 4 0 100 6.609 21.642 
795 1000 14 15 4 0 100 7.032 21.659 
1000 4000 14 15 4 0 100 7.361 21.070 
20 26 15 16 4 0 100 8.099 11.302 
26 32 15 16 4 0 100 7.455 12.046 
32 40 15 16 4 0 100 7.573 12.823 
40 51 15 16 4 0 100 7.412 13.569 
51 64 15 16 4 0 100 7.825 14.369 
64 80 15 16 4 0 100 7.507 15.339 
80 101 15 16 4 0 100 6.967 16.005 
101 127 15 16 4 0 100 6.595 16.777 
127 159 15 16 4 0 100 6.322 17.425 
159 200 15 16 4 0 100 6.148 17.975 
200 252 15 16 4 0 100 6.155 18.633 
252 317 15 16 4 0 100 6.141 19.475 
317 399 15 16 4 0 100 6.079 20.330 
399 502 15 16 4 0 100 6.368 20.963 
502 632 15 16 4 0 100 6.601 21.587 
632 795 15 16 4 0 100 6.735 22.006 
795 1000 15 16 4 0 100 7.153 22.016 
1000 4000 15 16 4 0 100 7.701 21.297 
20 26 16 17 4 0 100 7.763 11.838 
26 32 16 17 4 0 100 7.760 12.415 
32 40 16 17 4 0 100 8.210 13.101 
40 51 16 17 4 0 100 7.815 13.873 
51 64 16 17 4 0 100 7.679 14.764 
64 80 16 17 4 0 100 7.285 15.485 
80 101 16 17 4 0 100 7.085 16.206 
101 127 16 17 4 0 100 6.600 17.026 
127 159 16 17 4 0 100 6.380 17.733 
159 200 16 17 4 0 100 6.185 18.444 
200 252 16 17 4 0 100 6.092 19.106 
252 317 16 17 4 0 100 6.178 19.934 
317 399 16 17 4 0 100 6.243 20.620 
399 502 16 17 4 0 100 6.489 21.429 
502 632 16 17 4 0 100 6.729 21.912 
632 795 16 17 4 0 100 7.281 22.210 
795 1000 16 17 4 0 100 7.464 22.510 
1000 4000 16 17 4 0 100 7.711 21.795 
20 26 17 18 4 0 100 7.787 11.956 
26 32 17 18 4 0 100 8.827 12.877 
32 40 17 18 4 0 100 7.875 13.590 
40 51 17 18 4 0 100 7.669 14.360 
51 64 17 18 4 0 100 7.394 15.019 
64 80 17 18 4 0 100 7.579 15.743 
80 101 17 18 4 0 100 7.121 16.527 
101 127 17 18 4 0 100 6.867 17.337 
127 159 17 18 4 0 100 6.623 17.985 
159 200 17 18 4 0 100 6.546 18.766 
200 252 17 18 4 0 100 6.391 19.380 
252 317 17 18 4 0 100 6.291 20.214 
317 399 17 18 4 0 100 6.446 20.909 
399 502 17 18 4 0 100 6.631 21.559 
502 632 17 18 4 0 100 6.873 22.328 
632 795 17 18 4 0 100 7.196 22.808 
795 1000 17 18 4 0 100 7.644 22.646 
1000 4000 17 18 4 0 100 8.333 22.108 
20 26 18 19 4 0 100 7.965 12.270 
26 32 18 19 4 0 100 8.115 13.119 
32 40 18 19 4 0 100 8.229 13.731 
40 51 18 19 4 0 100 8.511 14.634 
51 64 18 19 4 0 100 7.781 15.418 
64 80 18 19 4 0 100 7.462 16.229 
80 101 18 19 4 0 100 7.438 16.956 
101 127 18 19 4 0 100 7.050 17.613 
127 159 18 19 4 0 100 6.723 18.393 
159 200 18 19 4 0 100 6.465 19.012 
200 252 18 19 4 0 100 6.693 19.872 
252 317 18 19 4 0 100 6.580 20.466 
317 399 18 19 4 0 100 6.375 21.232 
399 502 18 19 4 0 100 6.607 21.878 
502 632 18 19 4 0 100 7.105 22.542 
632 795 18 19 4 0 100 7.346 22.979 
795 1000 18 19 4 0 100 7.641 23.118 
1000 4000 18 19 4 0 100 8.238 22.131 
20 26 19 20 4 0 100 7.821 12.746 
26 32 19 20 4 0 100 8.078 13.549 
32 40 19 20 4 0 100 8.404 14.251 
40 51 19 20 4 0 100 8.075 14.910 
51 64 19 20 4 0 100 7.989 15.752 
64 80 19 20 4 0 100 7.715 16.513 
80 101 19 20 4 0 100 7.564 17.314 
101 127 19 20 4 0 100 7.075 17.965 
127 159 19 20 4 0 100 6.885 18.596 
159 200 19 20 4 0 100 6.473 19.374 
200 252 19 20 4 0 100 6.570 20.073 
252 317 19 20 4 0 100 6.507 20.775 
317 399 19 20 4 0 100 6.505 21.576 
399 502 19 20 4 0 100 6.912 22.447 
502 632 19 20 4 0 100 7.250 22.870 
632 795 19 20 4 0 100 7.663 23.432 
795 1000 19 20 4 0 100 7.994 23.214 
1000 4000 19 20 4 0 100 8.531 22.581 
20 26 20 21 4 0 100 8.840 13.209 
26 32 20 21 4 0 100 8.604 13.762 
32 40 20 21 4 0 100 8.661 14.556 
40 51 20 21 4 0 100 8.405 15.315 
51 64 20 21 4 0 100 8.168 16.136 
64 80 20 21 4 0 100 8.166 16.818 
80 101 20 21 4 0 100 7.623 17.578 
101 127 20 21 4 0 100 7.395 18.213 
127 159 20 21 4 0 100 6.938 18.953 
159 200 20 21 4 0 100 6.809 19.579 
200 252 20 21 4 0 100 6.645 20.395 
252 317 20 21 4 0 100 6.573 21.068 
317 399 20 21 4 0 100 6.776 21.806 
399 502 20 21 4 0 100 6.943 22.550 
502 632 20 21 4 0 100 7.460 23.245 
632 795 20 21 4 0 100 7.761 23.622 
795 1000 20 21 4 0 100 8.234 23.522 
1000 4000 20 21 4 0 100 8.825 23.041 
20 26 21 22 4 0 100 8.847 13.432 
26 32 21 22 4 0 100 8.411 14.127 
32 40 21 22 4 0 100 8.588 14.999 
40 51 21 22 4 0 100 8.507 15.558 
51 64 21 22 4 0 100 8.489 16.442 
64 80 21 22 4 0 100 8.020 16.955 
80 101 21 22 4 0 100 7.517 17.814 
101 127 21 22 4 0 100 7.385 18.555 
127 159 21 22 4 0 100 7.020 19.206 
159 200 21 22 4 0 100 6.803 20.044 
200 252 21 22 4 0 100 6.703 20.545 
252 317 21 22 4 0 100 6.793 21.298 
317 399 21 22 4 0 100 6.904 22.086 
399 502 21 22 4 0 100 7.162 22.923 
502 632 21 22 4 0 100 7.530 23.472 
632 795 21 22 4 0 100 8.015 24.024 
795 1000 21 22 4 0 100 8.379 24.224 
1000 4000 21 22 4 0 100 8.725 23.317 
20 26 22 23 4 0 100 8.412 14.050 
26 32 22 23 4 0 100 9.161 14.452 
32 40 22 23 4 0 100 9.091 15.072 
40 51 22 23 4 0 100 8.782 16.019 
51 64 22 23 4 0 100 8.148 16.708 
64 80 22 23 4 0 100 8.688 17.440 
80 101 22 23 4 0 100 7.645 18.211 
101 127 22 23 4 0 100 7.410 18.966 
127 159 22 23 4 0 100 7.262 19.529 
159 200 22 23 4 0 100 6.931 20.320 
200 252 22 23 4 0 100 6.856 21.026 
252 317 22 23 4 0 100 6.785 21.693 
317 399 22 23 4 0 100 6.820 22.481 
399 502 22 23 4 0 100 7.305 23.238 
502 632 22 23 4 0 100 7.675 23.803 
632 795 22 23 4 0 100 7.921 24.441 
795 1000 22 23 4 0 100 8.277 24.486 
1000 4000 22 23 4 0 100 8.999 23.539 
20 26 23 24 4 0 100 9.582 14.006 
26 32 23 24 4 0 100 8.618 14.690 
32 40 23 24 4 0 100 8.878 15.631 
40 51 23 24 4 0 100 9.133 16.254 
51 64 23 24 4 0 100 8.816 16.943 
64 80 23 24 4 0 100 8.159 17.856 
80 101 23 24 4 0 100 7.981 18.503 
101 127 23 24 4 0 100 7.729 19.195 
127 159 23 24 4 0 100 7.156 19.895 
159 200 23 24 4 0 100 7.159 20.486 
200 252 23 24 4 0 100 6.961 21.274 
252 317 23 24 4 0 100 7.054 21.974 
317 399 23 24 4 0 100 7.086 22.616 
399 502 23 24 4 0 100 7.405 23.396 
502 632 23 24 4 0 100 7.650 24.091 
632 795 23 24 4 0 100 8.036 24.490 
795 1000 23 24 4 0 100 8.809 24.421 
1000 4000 23 24 4 0 100 9.241 23.600 
20 26 24 25 4 0 100 10.333 14.297 
26 32 24 25 4 0 100 8.245 15.128 
32 40 24 25 4 0 100 8.999 15.878 
40 51 24 25 4 0 100 8.693 16.607 
51 64 24 25 4 0 100 8.683 17.320 
64 80 24 25 4 0 100 8.371 18.204 
80 101 24 25 4 0 100 7.927 18.749 
101 127 24 25 4 0 100 7.469 19.445 
127 159 24 25 4 0 100 7.353 20.105 
159 200 24 25 4 0 100 7.135 20.910 
200 252 24 25 4 0 100 7.063 21.534 
252 317 24 25 4 0 100 7.215 22.375 
317 399 24 25 4 0 100 7.387 23.084 
399 502 24 25 4 0 100 7.457 23.821 
502 632 24 25 4 0 100 7.893 24.629 
632 795 24 25 4 0 100 8.410 24.920 
795 1000 24 25 4 0 100 9.175 24.708 
1000 4000 24 25 4 0 100 9.525 24.427 
20 26 25 26 4 0 100 8.763 15.166 
26 32 25 26 4 0 100 9.576 15.661 
32 40 25 26 4 0 100 9.677 16.128 
40 51 25 26 4 0 100 9.848 16.749 
51 64 25 26 4 0 100 8.884 17.571 
64 80 25 26 4 0 100 7.944 18.254 
80 101 25 26 4 0 100 8.116 19.163 
101 127 25 26 4 0 100 7.586 19.894 
127 159 25 26 4 0 100 7.641 20.579 
159 200 25 26 4 0 100 7.566 21.180 
200 252 25 26 4 0 100 6.910 21.996 
252 317 25 26 4 0 100 7.065 22.340 
317 399 25 26 4 0 100 7.444 23.280 
399 502 25 26 4 0 100 7.679 24.227 
502 632 25 26 4 0 100 8.161 24.787 
632 795 25 26 4 0 100 8.711 24.925 
795 1000 25 26 4 0 100 8.814 24.946 
1000 4000 25 26 4 0 100 9.744 24.474 
20 26 26 27 4 0 100 9.676 15.379 
26 32 26 27 4 0 100 9.334 15.810 
32 40 26 27 4 0 100 9.507 16.420 
40 51 26 27 4 0 100 9.062 17.041 
51 64 26 27 4 0 100 9.206 18.047 
64 80 26 27 4 0 100 8.475 18.409 
80 101 26 27 4 0 100 8.537 19.327 
101 127 26 27 4 0 100 7.860 20.069 
127 159 26 27 4 0 100 7.284 20.744 
159 200 26 27 4 0 100 7.325 21.382 
200 252 26 27 4 0 100 7.058 21.937 
252 317 26 27 4 0 100 7.058 22.623 
317 399 26 27 4 0 100 7.570 23.686 
399 502 26 27 4 0 100 7.854 24.102 
502 632 26 27 4 0 100 8.266 25.311 
632 795 26 27 4 0 100 9.290 25.399 
795 1000 26 27 4 0 100 9.025 25.733 
1000 4000 26 27 4 0 100 9.983 24.965 
20 26 27 28 4 0 100 10.611 15.361 
26 32 27 28 4 0 100 9.592 16.156 
32 40 27 28 4 0 100 9.051 16.812 
40 51 27 28 4 0 100 9.102 17.670 
51 64 27 28 4 0 100 8.797 18.330 
64 80 27 28 4 0 100 8.203 18.936 
80 101 27 28 4 0 100 8.186 19.658 
101 127 27 28 4 0 100 7.831 20.405 
127 159 27 28 4 0 100 7.358 20.870 
159 200 27 28 4 0 100 7.336 21.559 
200 252 27 28 4 0 100 7.021 22.462 
252 317 27 28 4 0 100 7.593 23.285 
317 399 27 28 4 0 100 7.613 23.950 
399 502 27 28 4 0 100 8.222 24.661 
502 632 27 28 4 0 100 8.405 25.275 
632 795 27 28 4 0 100 8.935 25.634 
795 1000 27 28 4 0 100 8.811 26.130 
1000 4000 27 28 4 0 100 10.458 24.753 
20 26 28 29 4 0 100 11.075 15.766 
26 32 28 29 4 0 100 9.933 16.473 
32 40 28 29 4 0 100 8.885 17.190 
40 51 28 29 4 0 100 9.785 18.002 
51 64 28 29 4 0 100 8.625 18.601 
64 80 28 29 4 0 100 8.112 19.218 
80 101 28 29 4 0 100 8.176 19.948 
101 127 28 29 4 0 100 7.863 20.705 
127 159 28 29 4 0 100 7.818 21.141 
159 200 28 29 4 0 100 7.795 21.793 
200 252 28 29 4 0 100 7.202 22.582 
252 317 28 29 4 0 100 7.483 23.342 
317 399 28 29 4 0 100 7.523 24.378 
399 502 28 29 4 0 100 7.874 24.996 
502 632 28 29 4 0 100 8.779 25.721 
632 795 28 29 4 0 100 9.292 26.110 
795 1000 28 29 4 0 100 9.817 26.227 
1000 4000 28 29 4 0 100 10.346 25.245 
20 26 29 30 4 0 100 9.736 16.327 
26 32 29 30 4 0 100 9.737 16.989 
32 40 29 30 4 0 100 9.774 17.366 
40 51 29 30 4 0 100 9.381 18.061 
51 64 29 30 4 0 100 9.778 18.699 
64 80 29 30 4 0 100 9.016 19.747 
80 101 29 30 4 0 100 8.545 19.992 
101 127 29 30 4 0 100 7.979 20.806 
127 159 29 30 4 0 100 7.431 21.417 
159 200 29 30 4 0 100 7.086 22.319 
200 252 29 30 4 0 100 7.436 22.797 
252 317 29 30 4 0 100 7.459 23.755 
317 399 29 30 4 0 100 7.779 24.417 
399 502 29 30 4 0 100 8.637 25.242 
502 632 29 30 4 0 100 8.289 25.869 
632 795 29 30 4 0 100 9.583 26.557 
795 1000 29 30 4 0 100 9.828 26.502 
1000 4000 29 30 4 0 100 10.831 25.671 
20 26 30 31 4 0 100 10.951 16.741 
26 32 30 31 4 0 100 9.174 17.000 
32 40 30 31 4 0 100 9.158 17.689 
40 51 30 31 4 0 100 9.347 18.076 
51 64 30 31 4 0 100 9.241 19.180 
64 80 30 31 4 0 100 8.819 19.946 
80 101 30 31 4 0 100 7.857 20.462 
101 127 30 31 4 0 100 8.107 21.243 
127 159 30 31 4 0 100 8.120 21.543 
159 200 30 31 4 0 100 7.629 22.708 
200 252 30 31 4 0 100 7.102 23.198 
252 317 30 31 4 0 100 7.526 23.780 
317 399 30 31 4 0 100 7.746 24.547 
399 502 30 31 4 0 100 8.099 25.731 
502 632 30 31 4 0 100 9.241 25.784 
632 795 30 31 4 0 100 10.256 26.935 
795 1000 30 31 4 0 100 10.138 26.983 
1000 4000 30 31 4 0 100 10.144 26.037 
20 26 31 32 4 0 100 11.301 17.706 
26 32 31 32 4 0 100 10.074 17.594 
32 40 31 32 4 0 100 10.710 18.361 
40 51 31 32 4 0 100 9.052 18.613 
51 64 31 32 4 0 100 8.821 19.324 
64 80 31 32 4 0 100 8.996 19.974 
80 101 31 32 4 0 100 7.961 20.875 
101 127 31 32 4 0 100 8.052 21.442 
127 159 31 32 4 0 100 7.901 21.914 
159 200 31 32 4 0 100 7.334 23.029 
200 252 31 32 4 0 100 7.421 23.412 
252 317 31 32 4 0 100 7.839 24.185 
317 399 31 32 4 0 100 7.938 24.951 
399 502 31 32 4 0 100 8.436 25.637 
502 632 31 32 4 0 100 9.308 26.745 
632 795 31 32 4 0 100 9.455 26.652 
795 1000 31 32 4 0 100 10.614 26.792 
1000 4000 31 32 4 0 100 11.844 26.563 
20 26 32 33 4 0 100 7.970 17.785 
26 32 32 33 4 0 100 10.933 18.135 
32 40 32 33 4 0 100 9.543 18.006 
40 51 32 33 4 0 100 10.646 19.171 
51 64 32 33 4 0 100 9.453 19.512 
64 80 32 33 4 0 100 9.158 20.775 
80 101 32 33 4 0 100 8.653 21.040 
101 127 32 33 4 0 100 8.265 21.518 
127 159 32 33 4 0 100 7.870 22.277 
159 200 32 33 4 0 100 7.575 23.180 
200 252 32 33 4 0 100 8.045 23.532 
252 317 32 33 4 0 100 8.307 24.720 
317 399 32 33 4 0 100 8.173 25.146 
399 502 32 33 4 0 100 8.524 25.978 
502 632 32 33 4 0 100 8.585 26.382 
632 795 32 33 4 0 100 10.155 26.910 
795 1000 32 33 4 0 100 10.512 27.502 
1000 4000 32 33 4 0 100 11.705 26.251 
20 26 33 34 4 0 100 8.961 18.017 
26 32 33 34 4 0 100 10.027 18.432 
32 40 33 34 4 0 100 8.749 18.605 
40 51 33 34 4 0 100 10.626 19.522 
51 64 33 34 4 0 100 9.025 20.221 
64 80 33 34 4 0 100 9.475 20.191 
80 101 33 34 4 0 100 8.417 21.324 
101 127 33 34 4 0 100 8.042 22.090 
127 159 33 34 4 0 100 7.191 22.828 
159 200 33 34 4 0 100 7.857 23.111 
200 252 33 34 4 0 100 7.539 23.624 
252 317 33 34 4 0 100 7.944 24.637 
317 399 33 34 4 0 100 7.883 25.591 
399 502 33 34 4 0 100 8.307 25.903 
502 632 33 34 4 0 100 8.974 26.882 
632 795 33 34 4 0 100 9.897 27.392 
795 1000 33 34 4 0 100 11.195 27.277 
1000 4000 33 34 4 0 100 11.969 26.204 
20 26 34 35 4 0 100 7.801 17.982 
26 32 34 35 4 0 100 10.168 18.812 
32 40 34 35 4 0 100 8.728 18.774 
40 51 34 35 4 0 100 11.229 20.019 
51 64 34 35 4 0 100 8.298 20.871 
64 80 34 35 4 0 100 8.529 21.072 
80 101 34 35 4 0 100 9.076 21.552 
101 127 34 35 4 0 100 8.072 22.413 
127 159 34 35 4 0 100 7.706 22.753 
159 200 34 35 4 0 100 7.509 23.890 
200 252 34 35 4 0 100 7.403 24.339 
252 317 34 35 4 0 100 7.515 25.206 
317 399 34 35 4 0 100 8.797 25.606 
399 502 34 35 4 0 100 9.042 26.383 
502 632 34 35 4 0 100 9.782 26.681 
632 795 34 35 4 0 100 10.606 27.856 
795 1000 34 35 4 0 100 10.805 28.351 
1000 4000 34 35 4 0 100 11.094 27.237 
20 26 35 36 4 0 100 12.124 18.711 
26 32 35 36 4 0 100 8.341 19.093 
32 40 35 36 4 0 100 7.239 19.647 
40 51 35 36 4 0 100 8.230 19.694 
51 64 35 36 4 0 100 7.662 19.866 
64 80 35 36 4 0 100 8.654 20.944 
80 101 35 36 4 0 100 9.073 21.905 
101 127 35 36 4 0 100 8.449 22.459 
127 159 35 36 4 0 100 7.868 22.631 
159 200 35 36 4 0 100 8.183 23.606 
200 252 35 36 4 0 100 7.873 24.469 
252 317 35 36 4 0 100 7.655 25.484 
317 399 35 36 4 0 100 8.864 26.326 
399 502 35 36 4 0 100 8.854 26.366 
502 632 35 36 4 0 100 9.482 27.116 
632 795 35 36 4 0 100 9.949 28.436 
795 1000 35 36 4 0 100 11.492 28.248 
1000 4000 35 36 4 0 100 11.500 28.408 
20 26 36 37 4 0 100 8.035 20.296 
26 32 36 37 4 0 100 10.187 19.423 
32 40 36 37 4 0 100 8.688 20.977 
40 51 36 37 4 0 100 8.318 20.361 
51 64 36 37 4 0 100 8.342 20.989 
64 80 36 37 4 0 100 8.525 22.138 
80 101 36 37 4 0 100 8.177 21.974 
101 127 36 37 4 0 100 8.043 23.349 
127 159 36 37 4 0 100 7.358 22.976 
159 200 36 37 4 0 100 8.531 24.202 
200 252 36 37 4 0 100 7.058 24.154 
252 317 36 37 4 0 100 7.802 25.722 
317 399 36 37 4 0 100 7.821 26.349 
399 502 36 37 4 0 100 8.310 26.800 
502 632 36 37 4 0 100 9.457 28.024 
632 795 36 37 4 0 100 11.030 28.158 
795 1000 36 37 4 0 100 11.344 27.241 
1000 4000 36 37 4 0 100 11.284 28.297 
20 26 37 38 4 0 100 19.166 19.657 
26 32 37 38 4 0 100 14.051 21.188 
32 40 37 38 4 0 100 10.643 20.399 
40 51 37 38 4 0 100 7.702 20.814 
51 64 37 38 4 0 100 8.704 21.473 
64 80 37 38 4 0 100 9.950 22.658 
80 101 37 38 4 0 100 8.726 23.320 
101 127 37 38 4 0 100 8.958 23.403 
127 159 37 38 4 0 100 8.023 24.288 
159 200 37 38 4 0 100 8.496 24.461 
200 252 37 38 4 0 100 8.081 25.030 
252 317 37 38 4 0 100 7.999 24.912 
317 399 37 38 4 0 100 7.749 26.781 
399 502 37 38 4 0 100 8.889 26.280 
502 632 37 38 4 0 100 11.055 28.169 
632 795 37 38 4 0 100 10.995 28.718 
795 1000 37 38 4 0 100 13.376 27.160 
1000 4000 37 38 4 0 100 12.479 27.599 
20 26 38 39 4 0 100 4.661 23.057 
26 32 38 39 4 0 100 3.750 22.108 
32 40 38 39 4 0 100 7.648 19.873 
40 51 38 39 4 0 100 11.771 21.219 
51 64 38 39 4 0 100 10.230 21.514 
64 80 38 39 4 0 100 9.730 22.234 
80 101 38 39 4 0 100 8.191 22.321 
101 127 38 39 4 0 100 8.254 23.141 
127 159 38 39 4 0 100 7.755 23.915 
159 200 38 39 4 0 100 7.111 25.304 
200 252 38 39 4 0 100 8.145 25.101 
252 317 38 39 4 0 100 7.351 25.873 
317 399 38 39 4 0 100 7.894 26.369 
399 502 38 39 4 0 100 8.290 27.762 
502 632 38 39 4 0 100 10.661 28.641 
632 795 38 39 4 0 100 12.395 28.452 
795 1000 38 39 4 0 100 11.026 28.908 
1000 4000 38 39 4 0 100 12.594 28.675 
20 26 39 100 4 0 100 9.346 20.117 
26 32 39 100 4 0 100 13.419 21.620 
32 40 39 100 4 0 100 8.884 20.906 
40 51 39 100 4 0 100 11.625 21.560 
51 64 39 100 4 0 100 9.939 22.499 
64 80 39 100 4 0 100 8.498 22.666 
80 101 39 100 4 0 100 9.305 23.340 
101 127 39 100 4 0 100 9.593 25.136 
127 159 39 100 4 0 100 7.923 24.888 
159 200 39 100 4 0 100 7.905 25.150 
200 252 39 100 4 0 100 8.330 25.941 
252 317 39 100 4 0 100 8.527 27.173 
317 399 39 100 4 0 100 8.765 27.585 
399 502 39 100 4 0 100 9.151 28.735 
502 632 39 100 4 0 100 11.147 29.041 
632 795 39 100 4 0 100 11.137 29.816 
795 1000 39 100 4 0 100 11.439 29.513 
1000 4000 39 100 4 0 100 12.387 29.338 
[gluon]
{2 JetPt Rho 1 x TMath::Exp(-1.*x*[0]/[1])*TMath::Power(x,[0]-1)*TMath::Power([1]/[0],-1.*[0])/TMath::Gamma([0]) Correction QGL_nNeutral_gluon}
20 26 0 1 4 0 100 2.641 9.591 
26 32 0 1 4 0 100 5.732 7.088 
32 40 0 1 4 0 100 5.678 5.880 
40 51 0 1 4 0 100 6.464 10.155 
51 64 0 1 4 0 100 4.153 11.700 
64 80 0 1 4 0 100 5.279 12.944 
80 101 0 1 4 0 100 4.348 15.644 
101 127 0 1 4 0 100 6.281 14.916 
127 159 0 1 4 0 100 5.285 16.856 
159 200 0 1 4 0 100 7.782 16.956 
200 252 0 1 4 0 100 19.255 18.291 
252 317 0 1 4 0 100 6.746 16.138 
317 399 0 1 4 0 100 4.390 13.002 
399 502 0 1 4 0 100 20.000 20.609 
502 632 0 1 4 0 100 20.000 19.403 
632 795 0 1 4 0 100 20.000 22.854 
795 1000 0 1 4 0 100 20.000 7.016 
1000 4000 0 1 4 0 100 20.000 26.000 
20 26 1 2 4 0 100 2.553 6.397 
26 32 1 2 4 0 100 5.921 6.974 
32 40 1 2 4 0 100 5.586 7.980 
40 51 1 2 4 0 100 1.713 24.118 
51 64 1 2 4 0 100 4.766 10.446 
64 80 1 2 4 0 100 5.674 12.344 
80 101 1 2 4 0 100 9.263 12.268 
101 127 1 2 4 0 100 6.857 14.882 
127 159 1 2 4 0 100 4.044 16.503 
159 200 1 2 4 0 100 2.857 22.886 
200 252 1 2 4 0 100 3.373 21.768 
252 317 1 2 4 0 100 2.953 26.149 
317 399 1 2 4 0 100 3.210 23.374 
399 502 1 2 4 0 100 6.800 23.047 
502 632 1 2 4 0 100 7.883 22.930 
632 795 1 2 4 0 100 5.530 19.696 
795 1000 1 2 4 0 100 20.000 21.033 
1000 4000 1 2 4 0 100 20.000 23.677 
20 26 2 3 4 0 100 5.224 6.809 
26 32 2 3 4 0 100 4.338 8.046 
32 40 2 3 4 0 100 6.685 8.395 
40 51 2 3 4 0 100 6.717 10.839 
51 64 2 3 4 0 100 6.021 11.459 
64 80 2 3 4 0 100 6.510 12.243 
80 101 2 3 4 0 100 7.663 13.882 
101 127 2 3 4 0 100 5.812 15.212 
127 159 2 3 4 0 100 6.131 16.380 
159 200 2 3 4 0 100 8.210 17.914 
200 252 2 3 4 0 100 4.313 17.672 
252 317 2 3 4 0 100 4.199 19.113 
317 399 2 3 4 0 100 5.110 21.670 
399 502 2 3 4 0 100 4.236 20.270 
502 632 2 3 4 0 100 4.005 22.328 
632 795 2 3 4 0 100 3.550 23.259 
795 1000 2 3 4 0 100 5.014 22.714 
1000 4000 2 3 4 0 100 20.000 19.086 
20 26 3 4 4 0 100 6.396 7.088 
26 32 3 4 4 0 100 6.081 8.385 
32 40 3 4 4 0 100 6.644 9.348 
40 51 3 4 4 0 100 6.810 10.737 
51 64 3 4 4 0 100 6.531 12.100 
64 80 3 4 4 0 100 8.080 13.357 
80 101 3 4 4 0 100 6.555 14.358 
101 127 3 4 4 0 100 6.690 15.949 
127 159 3 4 4 0 100 6.870 16.529 
159 200 3 4 4 0 100 6.895 18.094 
200 252 3 4 4 0 100 6.446 18.331 
252 317 3 4 4 0 100 6.467 19.605 
317 399 3 4 4 0 100 6.362 20.382 
399 502 3 4 4 0 100 3.857 24.809 
502 632 3 4 4 0 100 5.852 22.660 
632 795 3 4 4 0 100 2.892 26.194 
795 1000 3 4 4 0 100 2.654 27.659 
1000 4000 3 4 4 0 100 6.342 21.692 
20 26 4 5 4 0 100 6.644 7.602 
26 32 4 5 4 0 100 7.136 8.853 
32 40 4 5 4 0 100 6.591 9.956 
40 51 4 5 4 0 100 7.110 11.029 
51 64 4 5 4 0 100 7.359 12.476 
64 80 4 5 4 0 100 7.517 13.585 
80 101 4 5 4 0 100 7.847 15.252 
101 127 4 5 4 0 100 6.676 16.164 
127 159 4 5 4 0 100 6.702 17.307 
159 200 4 5 4 0 100 6.361 18.626 
200 252 4 5 4 0 100 6.053 19.105 
252 317 4 5 4 0 100 5.885 20.365 
317 399 4 5 4 0 100 6.228 21.122 
399 502 4 5 4 0 100 6.091 21.035 
502 632 4 5 4 0 100 5.253 20.978 
632 795 4 5 4 0 100 7.123 22.087 
795 1000 4 5 4 0 100 4.304 23.619 
1000 4000 4 5 4 0 100 4.650 24.092 
20 26 5 6 4 0 100 6.492 8.011 
26 32 5 6 4 0 100 6.760 9.259 
32 40 5 6 4 0 100 6.953 10.303 
40 51 5 6 4 0 100 7.440 11.487 
51 64 5 6 4 0 100 7.544 12.933 
64 80 5 6 4 0 100 7.657 14.082 
80 101 5 6 4 0 100 7.874 15.350 
101 127 5 6 4 0 100 7.411 16.512 
127 159 5 6 4 0 100 7.220 17.746 
159 200 5 6 4 0 100 6.713 18.973 
200 252 5 6 4 0 100 6.868 19.508 
252 317 5 6 4 0 100 6.614 20.661 
317 399 5 6 4 0 100 6.735 21.083 
399 502 5 6 4 0 100 6.991 21.530 
502 632 5 6 4 0 100 7.731 21.580 
632 795 5 6 4 0 100 7.224 21.896 
795 1000 5 6 4 0 100 7.351 23.846 
1000 4000 5 6 4 0 100 5.666 23.636 
20 26 6 7 4 0 100 6.599 8.723 
26 32 6 7 4 0 100 7.406 9.713 
32 40 6 7 4 0 100 7.448 10.572 
40 51 6 7 4 0 100 7.992 11.957 
51 64 6 7 4 0 100 7.937 13.325 
64 80 6 7 4 0 100 8.036 14.391 
80 101 6 7 4 0 100 7.724 15.820 
101 127 6 7 4 0 100 7.398 16.839 
127 159 6 7 4 0 100 7.034 17.986 
159 200 6 7 4 0 100 6.857 19.290 
200 252 6 7 4 0 100 6.998 20.299 
252 317 6 7 4 0 100 6.494 20.886 
317 399 6 7 4 0 100 6.334 21.582 
399 502 6 7 4 0 100 6.904 21.898 
502 632 6 7 4 0 100 6.355 22.901 
632 795 6 7 4 0 100 8.546 22.487 
795 1000 6 7 4 0 100 7.027 25.655 
1000 4000 6 7 4 0 100 10.111 22.293 
20 26 7 8 4 0 100 6.688 9.021 
26 32 7 8 4 0 100 7.724 9.985 
32 40 7 8 4 0 100 7.923 11.105 
40 51 7 8 4 0 100 8.419 12.258 
51 64 7 8 4 0 100 7.823 13.566 
64 80 7 8 4 0 100 8.243 15.072 
80 101 7 8 4 0 100 7.787 16.294 
101 127 7 8 4 0 100 8.000 17.376 
127 159 7 8 4 0 100 7.435 18.350 
159 200 7 8 4 0 100 7.120 19.475 
200 252 7 8 4 0 100 6.939 20.412 
252 317 7 8 4 0 100 7.011 21.146 
317 399 7 8 4 0 100 6.807 21.884 
399 502 7 8 4 0 100 6.690 22.564 
502 632 7 8 4 0 100 7.560 23.037 
632 795 7 8 4 0 100 8.140 23.009 
795 1000 7 8 4 0 100 9.350 21.953 
1000 4000 7 8 4 0 100 7.233 23.666 
20 26 8 9 4 0 100 7.294 9.435 
26 32 8 9 4 0 100 7.739 10.327 
32 40 8 9 4 0 100 7.938 11.521 
40 51 8 9 4 0 100 8.475 12.734 
51 64 8 9 4 0 100 8.397 14.114 
64 80 8 9 4 0 100 8.465 15.342 
80 101 8 9 4 0 100 8.005 16.517 
101 127 8 9 4 0 100 7.908 17.706 
127 159 8 9 4 0 100 7.853 18.851 
159 200 8 9 4 0 100 7.379 19.892 
200 252 8 9 4 0 100 7.099 20.591 
252 317 8 9 4 0 100 7.001 21.678 
317 399 8 9 4 0 100 7.226 22.261 
399 502 8 9 4 0 100 7.702 22.765 
502 632 8 9 4 0 100 7.581 23.457 
632 795 8 9 4 0 100 7.964 23.457 
795 1000 8 9 4 0 100 6.843 24.117 
1000 4000 8 9 4 0 100 9.714 23.416 
20 26 9 10 4 0 100 7.263 9.799 
26 32 9 10 4 0 100 7.909 10.813 
32 40 9 10 4 0 100 8.252 11.892 
40 51 9 10 4 0 100 8.595 13.184 
51 64 9 10 4 0 100 8.685 14.432 
64 80 9 10 4 0 100 8.327 15.674 
80 101 9 10 4 0 100 8.201 16.823 
101 127 9 10 4 0 100 8.268 18.089 
127 159 9 10 4 0 100 7.935 19.157 
159 200 9 10 4 0 100 7.617 20.231 
200 252 9 10 4 0 100 7.547 21.154 
252 317 9 10 4 0 100 7.266 22.024 
317 399 9 10 4 0 100 7.510 22.644 
399 502 9 10 4 0 100 7.045 22.953 
502 632 9 10 4 0 100 7.628 23.869 
632 795 9 10 4 0 100 8.205 23.451 
795 1000 9 10 4 0 100 8.931 23.966 
1000 4000 9 10 4 0 100 10.470 23.613 
20 26 10 11 4 0 100 7.847 10.213 
26 32 10 11 4 0 100 8.087 11.180 
32 40 10 11 4 0 100 8.419 12.251 
40 51 10 11 4 0 100 8.852 13.548 
51 64 10 11 4 0 100 9.064 14.847 
64 80 10 11 4 0 100 8.472 15.937 
80 101 10 11 4 0 100 8.544 17.303 
101 127 10 11 4 0 100 8.724 18.383 
127 159 10 11 4 0 100 7.870 19.540 
159 200 10 11 4 0 100 7.945 20.590 
200 252 10 11 4 0 100 7.537 21.490 
252 317 10 11 4 0 100 7.656 22.358 
317 399 10 11 4 0 100 7.407 23.018 
399 502 10 11 4 0 100 7.851 23.682 
502 632 10 11 4 0 100 7.611 23.997 
632 795 10 11 4 0 100 7.700 24.033 
795 1000 10 11 4 0 100 9.172 24.449 
1000 4000 10 11 4 0 100 9.717 24.031 
20 26 11 12 4 0 100 7.992 10.556 
26 32 11 12 4 0 100 8.564 11.616 
32 40 11 12 4 0 100 8.591 12.616 
40 51 11 12 4 0 100 8.906 13.861 
51 64 11 12 4 0 100 8.901 15.189 
64 80 11 12 4 0 100 8.842 16.393 
80 101 11 12 4 0 100 8.511 17.664 
101 127 11 12 4 0 100 8.487 18.863 
127 159 11 12 4 0 100 8.334 19.869 
159 200 11 12 4 0 100 7.850 21.064 
200 252 11 12 4 0 100 7.634 21.813 
252 317 11 12 4 0 100 7.596 22.725 
317 399 11 12 4 0 100 7.673 23.237 
399 502 11 12 4 0 100 7.512 23.655 
502 632 11 12 4 0 100 7.857 24.491 
632 795 11 12 4 0 100 8.784 24.397 
795 1000 11 12 4 0 100 8.028 24.130 
1000 4000 11 12 4 0 100 9.155 24.877 
20 26 12 13 4 0 100 8.133 10.981 
26 32 12 13 4 0 100 8.501 11.961 
32 40 12 13 4 0 100 8.923 12.999 
40 51 12 13 4 0 100 8.958 14.236 
51 64 12 13 4 0 100 9.437 15.516 
64 80 12 13 4 0 100 9.002 16.695 
80 101 12 13 4 0 100 9.038 18.033 
101 127 12 13 4 0 100 8.715 19.134 
127 159 12 13 4 0 100 8.412 20.310 
159 200 12 13 4 0 100 8.106 21.192 
200 252 12 13 4 0 100 7.931 22.137 
252 317 12 13 4 0 100 7.735 23.033 
317 399 12 13 4 0 100 7.796 23.509 
399 502 12 13 4 0 100 8.069 24.263 
502 632 12 13 4 0 100 8.745 24.523 
632 795 12 13 4 0 100 8.899 24.799 
795 1000 12 13 4 0 100 8.390 24.614 
1000 4000 12 13 4 0 100 9.647 24.192 
20 26 13 14 4 0 100 8.615 11.372 
26 32 13 14 4 0 100 8.800 12.366 
32 40 13 14 4 0 100 9.278 13.490 
40 51 13 14 4 0 100 9.322 14.604 
51 64 13 14 4 0 100 9.313 15.918 
64 80 13 14 4 0 100 9.264 17.108 
80 101 13 14 4 0 100 8.898 18.356 
101 127 13 14 4 0 100 8.904 19.507 
127 159 13 14 4 0 100 8.694 20.680 
159 200 13 14 4 0 100 8.410 21.570 
200 252 13 14 4 0 100 8.227 22.597 
252 317 13 14 4 0 100 7.940 23.231 
317 399 13 14 4 0 100 7.953 24.007 
399 502 13 14 4 0 100 8.280 24.598 
502 632 13 14 4 0 100 8.246 24.861 
632 795 13 14 4 0 100 8.256 25.087 
795 1000 13 14 4 0 100 9.262 25.154 
1000 4000 13 14 4 0 100 10.345 25.135 
20 26 14 15 4 0 100 8.489 11.798 
26 32 14 15 4 0 100 9.077 12.783 
32 40 14 15 4 0 100 9.267 13.698 
40 51 14 15 4 0 100 9.423 15.002 
51 64 14 15 4 0 100 9.549 16.210 
64 80 14 15 4 0 100 9.397 17.445 
80 101 14 15 4 0 100 9.159 18.666 
101 127 14 15 4 0 100 9.117 19.825 
127 159 14 15 4 0 100 8.805 20.947 
159 200 14 15 4 0 100 8.519 21.940 
200 252 14 15 4 0 100 8.287 22.779 
252 317 14 15 4 0 100 8.080 23.746 
317 399 14 15 4 0 100 8.115 24.360 
399 502 14 15 4 0 100 8.456 24.783 
502 632 14 15 4 0 100 8.665 25.218 
632 795 14 15 4 0 100 9.060 25.481 
795 1000 14 15 4 0 100 9.585 25.739 
1000 4000 14 15 4 0 100 10.916 25.210 
20 26 15 16 4 0 100 9.065 12.124 
26 32 15 16 4 0 100 9.370 13.144 
32 40 15 16 4 0 100 9.433 14.146 
40 51 15 16 4 0 100 9.763 15.333 
51 64 15 16 4 0 100 9.809 16.604 
64 80 15 16 4 0 100 9.772 17.766 
80 101 15 16 4 0 100 9.591 19.075 
101 127 15 16 4 0 100 9.258 20.213 
127 159 15 16 4 0 100 8.946 21.251 
159 200 15 16 4 0 100 8.646 22.266 
200 252 15 16 4 0 100 8.455 23.209 
252 317 15 16 4 0 100 8.349 23.904 
317 399 15 16 4 0 100 8.440 24.611 
399 502 15 16 4 0 100 8.607 25.057 
502 632 15 16 4 0 100 8.716 25.663 
632 795 15 16 4 0 100 9.210 25.934 
795 1000 15 16 4 0 100 9.490 25.818 
1000 4000 15 16 4 0 100 11.629 25.757 
20 26 16 17 4 0 100 9.271 12.453 
26 32 16 17 4 0 100 9.463 13.421 
32 40 16 17 4 0 100 10.060 14.473 
40 51 16 17 4 0 100 10.025 15.698 
51 64 16 17 4 0 100 10.187 16.959 
64 80 16 17 4 0 100 9.841 18.098 
80 101 16 17 4 0 100 9.592 19.348 
101 127 16 17 4 0 100 9.493 20.580 
127 159 16 17 4 0 100 9.285 21.551 
159 200 16 17 4 0 100 8.740 22.615 
200 252 16 17 4 0 100 8.688 23.498 
252 317 16 17 4 0 100 8.482 24.205 
317 399 16 17 4 0 100 8.604 24.886 
399 502 16 17 4 0 100 8.484 25.439 
502 632 16 17 4 0 100 8.900 25.888 
632 795 16 17 4 0 100 9.614 26.173 
795 1000 16 17 4 0 100 9.921 26.148 
1000 4000 16 17 4 0 100 10.458 25.934 
20 26 17 18 4 0 100 9.725 12.885 
26 32 17 18 4 0 100 9.620 13.768 
32 40 17 18 4 0 100 9.901 14.847 
40 51 17 18 4 0 100 9.998 15.982 
51 64 17 18 4 0 100 10.137 17.253 
64 80 17 18 4 0 100 10.192 18.444 
80 101 17 18 4 0 100 9.883 19.678 
101 127 17 18 4 0 100 9.512 20.752 
127 159 17 18 4 0 100 9.144 21.931 
159 200 17 18 4 0 100 9.167 22.943 
200 252 17 18 4 0 100 8.726 23.761 
252 317 17 18 4 0 100 8.726 24.662 
317 399 17 18 4 0 100 8.504 25.275 
399 502 17 18 4 0 100 8.918 25.781 
502 632 17 18 4 0 100 9.101 26.084 
632 795 17 18 4 0 100 9.559 26.560 
795 1000 17 18 4 0 100 10.247 26.157 
1000 4000 17 18 4 0 100 10.927 25.940 
20 26 18 19 4 0 100 9.792 13.287 
26 32 18 19 4 0 100 10.130 14.213 
32 40 18 19 4 0 100 10.366 15.248 
40 51 18 19 4 0 100 10.284 16.301 
51 64 18 19 4 0 100 10.360 17.699 
64 80 18 19 4 0 100 10.180 18.897 
80 101 18 19 4 0 100 10.272 20.020 
101 127 18 19 4 0 100 9.966 21.185 
127 159 18 19 4 0 100 9.431 22.185 
159 200 18 19 4 0 100 9.333 23.260 
200 252 18 19 4 0 100 9.077 24.114 
252 317 18 19 4 0 100 8.675 24.980 
317 399 18 19 4 0 100 9.129 25.646 
399 502 18 19 4 0 100 9.293 25.918 
502 632 18 19 4 0 100 9.536 26.631 
632 795 18 19 4 0 100 9.348 26.648 
795 1000 18 19 4 0 100 10.776 26.731 
1000 4000 18 19 4 0 100 11.030 26.726 
20 26 19 20 4 0 100 10.084 13.665 
26 32 19 20 4 0 100 10.053 14.535 
32 40 19 20 4 0 100 10.433 15.578 
40 51 19 20 4 0 100 10.496 16.730 
51 64 19 20 4 0 100 10.564 17.959 
64 80 19 20 4 0 100 10.581 19.144 
80 101 19 20 4 0 100 10.363 20.299 
101 127 19 20 4 0 100 9.897 21.483 
127 159 19 20 4 0 100 9.612 22.594 
159 200 19 20 4 0 100 9.492 23.561 
200 252 19 20 4 0 100 9.023 24.428 
252 317 19 20 4 0 100 8.888 25.297 
317 399 19 20 4 0 100 9.185 25.873 
399 502 19 20 4 0 100 9.092 26.417 
502 632 19 20 4 0 100 9.472 26.796 
632 795 19 20 4 0 100 9.811 26.733 
795 1000 19 20 4 0 100 10.416 26.887 
1000 4000 19 20 4 0 100 10.903 26.862 
20 26 20 21 4 0 100 10.275 14.046 
26 32 20 21 4 0 100 10.360 14.986 
32 40 20 21 4 0 100 10.648 15.948 
40 51 20 21 4 0 100 10.538 17.127 
51 64 20 21 4 0 100 10.782 18.283 
64 80 20 21 4 0 100 10.684 19.412 
80 101 20 21 4 0 100 10.436 20.613 
101 127 20 21 4 0 100 9.851 21.827 
127 159 20 21 4 0 100 9.497 22.872 
159 200 20 21 4 0 100 9.470 23.943 
200 252 20 21 4 0 100 9.213 24.781 
252 317 20 21 4 0 100 9.198 25.453 
317 399 20 21 4 0 100 9.407 26.255 
399 502 20 21 4 0 100 9.410 26.723 
502 632 20 21 4 0 100 9.693 27.089 
632 795 20 21 4 0 100 10.087 27.323 
795 1000 20 21 4 0 100 11.453 27.551 
1000 4000 20 21 4 0 100 11.886 27.679 
20 26 21 22 4 0 100 10.836 14.237 
26 32 21 22 4 0 100 10.365 15.257 
32 40 21 22 4 0 100 10.736 16.194 
40 51 21 22 4 0 100 10.941 17.452 
51 64 21 22 4 0 100 10.730 18.642 
64 80 21 22 4 0 100 10.697 19.819 
80 101 21 22 4 0 100 10.543 20.989 
101 127 21 22 4 0 100 10.225 22.118 
127 159 21 22 4 0 100 9.947 23.196 
159 200 21 22 4 0 100 9.691 24.162 
200 252 21 22 4 0 100 9.327 25.086 
252 317 21 22 4 0 100 9.388 25.790 
317 399 21 22 4 0 100 9.512 26.589 
399 502 21 22 4 0 100 9.370 27.026 
502 632 21 22 4 0 100 9.848 27.310 
632 795 21 22 4 0 100 10.463 27.263 
795 1000 21 22 4 0 100 11.433 27.956 
1000 4000 21 22 4 0 100 12.647 27.164 
20 26 22 23 4 0 100 10.670 14.805 
26 32 22 23 4 0 100 10.804 15.694 
32 40 22 23 4 0 100 11.386 16.676 
40 51 22 23 4 0 100 10.912 17.686 
51 64 22 23 4 0 100 10.932 18.922 
64 80 22 23 4 0 100 10.693 20.153 
80 101 22 23 4 0 100 10.726 21.303 
101 127 22 23 4 0 100 10.447 22.471 
127 159 22 23 4 0 100 10.069 23.569 
159 200 22 23 4 0 100 9.756 24.480 
200 252 22 23 4 0 100 9.584 25.330 
252 317 22 23 4 0 100 9.371 26.195 
317 399 22 23 4 0 100 9.466 26.894 
399 502 22 23 4 0 100 9.790 27.378 
502 632 22 23 4 0 100 10.263 27.914 
632 795 22 23 4 0 100 10.426 27.699 
795 1000 22 23 4 0 100 12.210 27.869 
1000 4000 22 23 4 0 100 13.256 27.851 
20 26 23 24 4 0 100 11.418 15.039 
26 32 23 24 4 0 100 10.982 15.938 
32 40 23 24 4 0 100 11.001 16.920 
40 51 23 24 4 0 100 11.314 18.038 
51 64 23 24 4 0 100 11.353 19.255 
64 80 23 24 4 0 100 11.151 20.492 
80 101 23 24 4 0 100 10.829 21.582 
101 127 23 24 4 0 100 10.503 22.724 
127 159 23 24 4 0 100 10.300 23.813 
159 200 23 24 4 0 100 10.048 24.838 
200 252 23 24 4 0 100 9.681 25.745 
252 317 23 24 4 0 100 9.603 26.467 
317 399 23 24 4 0 100 9.797 27.156 
399 502 23 24 4 0 100 10.401 27.624 
502 632 23 24 4 0 100 10.112 27.967 
632 795 23 24 4 0 100 10.729 28.209 
795 1000 23 24 4 0 100 10.935 27.935 
1000 4000 23 24 4 0 100 12.093 27.937 
20 26 24 25 4 0 100 10.994 15.494 
26 32 24 25 4 0 100 11.071 16.400 
32 40 24 25 4 0 100 11.110 17.281 
40 51 24 25 4 0 100 11.559 18.449 
51 64 24 25 4 0 100 11.235 19.621 
64 80 24 25 4 0 100 11.076 20.767 
80 101 24 25 4 0 100 11.147 21.914 
101 127 24 25 4 0 100 10.499 23.112 
127 159 24 25 4 0 100 10.585 24.225 
159 200 24 25 4 0 100 9.898 25.174 
200 252 24 25 4 0 100 9.791 25.968 
252 317 24 25 4 0 100 9.818 26.610 
317 399 24 25 4 0 100 9.959 27.476 
399 502 24 25 4 0 100 10.417 27.932 
502 632 24 25 4 0 100 10.342 28.568 
632 795 24 25 4 0 100 11.549 28.419 
795 1000 24 25 4 0 100 11.639 27.974 
1000 4000 24 25 4 0 100 12.658 27.941 
20 26 25 26 4 0 100 11.605 15.785 
26 32 25 26 4 0 100 11.624 16.560 
32 40 25 26 4 0 100 11.439 17.637 
40 51 25 26 4 0 100 11.504 18.736 
51 64 25 26 4 0 100 11.440 20.072 
64 80 25 26 4 0 100 11.624 21.085 
80 101 25 26 4 0 100 10.718 22.234 
101 127 25 26 4 0 100 10.923 23.419 
127 159 25 26 4 0 100 10.497 24.385 
159 200 25 26 4 0 100 10.414 25.335 
200 252 25 26 4 0 100 10.152 26.336 
252 317 25 26 4 0 100 9.780 26.987 
317 399 25 26 4 0 100 10.104 27.599 
399 502 25 26 4 0 100 10.283 28.053 
502 632 25 26 4 0 100 10.947 28.576 
632 795 25 26 4 0 100 10.653 28.392 
795 1000 25 26 4 0 100 11.599 28.722 
1000 4000 25 26 4 0 100 12.833 29.099 
20 26 26 27 4 0 100 12.115 16.068 
26 32 26 27 4 0 100 11.267 16.975 
32 40 26 27 4 0 100 11.590 17.865 
40 51 26 27 4 0 100 11.656 19.027 
51 64 26 27 4 0 100 11.901 20.219 
64 80 26 27 4 0 100 11.606 21.401 
80 101 26 27 4 0 100 11.321 22.487 
101 127 26 27 4 0 100 10.951 23.770 
127 159 26 27 4 0 100 10.747 24.828 
159 200 26 27 4 0 100 10.460 25.743 
200 252 26 27 4 0 100 10.373 26.582 
252 317 26 27 4 0 100 10.124 27.228 
317 399 26 27 4 0 100 10.489 28.100 
399 502 26 27 4 0 100 10.528 28.550 
502 632 26 27 4 0 100 11.360 29.176 
632 795 26 27 4 0 100 12.248 28.363 
795 1000 26 27 4 0 100 11.593 28.622 
1000 4000 26 27 4 0 100 13.590 28.688 
20 26 27 28 4 0 100 11.781 16.451 
26 32 27 28 4 0 100 11.002 17.209 
32 40 27 28 4 0 100 12.140 18.127 
40 51 27 28 4 0 100 11.883 19.420 
51 64 27 28 4 0 100 11.696 20.511 
64 80 27 28 4 0 100 11.774 21.674 
80 101 27 28 4 0 100 11.449 22.865 
101 127 27 28 4 0 100 11.571 23.982 
127 159 27 28 4 0 100 11.007 25.022 
159 200 27 28 4 0 100 10.738 25.903 
200 252 27 28 4 0 100 10.582 26.689 
252 317 27 28 4 0 100 10.401 27.496 
317 399 27 28 4 0 100 10.025 28.355 
399 502 27 28 4 0 100 10.655 28.788 
502 632 27 28 4 0 100 11.239 29.192 
632 795 27 28 4 0 100 11.456 29.384 
795 1000 27 28 4 0 100 13.345 29.257 
1000 4000 27 28 4 0 100 11.984 29.138 
20 26 28 29 4 0 100 12.178 16.910 
26 32 28 29 4 0 100 12.037 17.586 
32 40 28 29 4 0 100 12.055 18.556 
40 51 28 29 4 0 100 12.399 19.621 
51 64 28 29 4 0 100 12.239 20.630 
64 80 28 29 4 0 100 11.743 21.950 
80 101 28 29 4 0 100 11.872 23.140 
101 127 28 29 4 0 100 11.186 24.350 
127 159 28 29 4 0 100 10.926 25.297 
159 200 28 29 4 0 100 10.896 26.328 
200 252 28 29 4 0 100 10.808 27.357 
252 317 28 29 4 0 100 10.498 27.802 
317 399 28 29 4 0 100 10.319 28.450 
399 502 28 29 4 0 100 11.105 29.025 
502 632 28 29 4 0 100 11.887 29.331 
632 795 28 29 4 0 100 12.166 29.502 
795 1000 28 29 4 0 100 12.669 29.622 
1000 4000 28 29 4 0 100 13.632 29.873 
20 26 29 30 4 0 100 12.309 17.341 
26 32 29 30 4 0 100 11.805 17.994 
32 40 29 30 4 0 100 12.943 18.818 
40 51 29 30 4 0 100 11.939 19.940 
51 64 29 30 4 0 100 12.338 21.209 
64 80 29 30 4 0 100 11.629 22.265 
80 101 29 30 4 0 100 11.601 23.565 
101 127 29 30 4 0 100 11.629 24.670 
127 159 29 30 4 0 100 11.547 25.503 
159 200 29 30 4 0 100 11.016 26.483 
200 252 29 30 4 0 100 10.922 27.294 
252 317 29 30 4 0 100 10.328 28.071 
317 399 29 30 4 0 100 10.987 29.037 
399 502 29 30 4 0 100 11.620 29.287 
502 632 29 30 4 0 100 12.382 29.825 
632 795 29 30 4 0 100 11.450 29.697 
795 1000 29 30 4 0 100 11.116 28.961 
1000 4000 29 30 4 0 100 12.872 30.623 
20 26 30 31 4 0 100 13.222 17.653 
26 32 30 31 4 0 100 12.640 18.223 
32 40 30 31 4 0 100 12.490 19.014 
40 51 30 31 4 0 100 12.497 20.278 
51 64 30 31 4 0 100 11.999 21.471 
64 80 30 31 4 0 100 12.069 22.653 
80 101 30 31 4 0 100 11.705 23.783 
101 127 30 31 4 0 100 11.570 24.790 
127 159 30 31 4 0 100 11.275 25.859 
159 200 30 31 4 0 100 11.240 26.880 
200 252 30 31 4 0 100 10.925 27.724 
252 317 30 31 4 0 100 10.951 28.624 
317 399 30 31 4 0 100 10.841 28.991 
399 502 30 31 4 0 100 11.568 29.480 
502 632 30 31 4 0 100 11.570 30.269 
632 795 30 31 4 0 100 12.983 30.614 
795 1000 30 31 4 0 100 12.974 29.494 
1000 4000 30 31 4 0 100 11.617 31.166 
20 26 31 32 4 0 100 12.678 17.878 
26 32 31 32 4 0 100 12.441 18.498 
32 40 31 32 4 0 100 12.798 19.532 
40 51 31 32 4 0 100 12.297 20.542 
51 64 31 32 4 0 100 13.193 21.860 
64 80 31 32 4 0 100 11.692 22.857 
80 101 31 32 4 0 100 12.270 24.108 
101 127 31 32 4 0 100 12.245 25.096 
127 159 31 32 4 0 100 11.428 25.916 
159 200 31 32 4 0 100 11.247 27.134 
200 252 31 32 4 0 100 10.904 27.921 
252 317 31 32 4 0 100 10.860 28.675 
317 399 31 32 4 0 100 10.668 29.520 
399 502 31 32 4 0 100 11.216 29.973 
502 632 31 32 4 0 100 11.851 29.784 
632 795 31 32 4 0 100 12.904 30.020 
795 1000 31 32 4 0 100 14.886 29.738 
1000 4000 31 32 4 0 100 12.171 31.269 
20 26 32 33 4 0 100 13.383 18.435 
26 32 32 33 4 0 100 12.753 18.932 
32 40 32 33 4 0 100 12.144 19.754 
40 51 32 33 4 0 100 12.730 21.038 
51 64 32 33 4 0 100 12.364 21.877 
64 80 32 33 4 0 100 11.595 23.175 
80 101 32 33 4 0 100 11.916 24.277 
101 127 32 33 4 0 100 11.842 25.484 
127 159 32 33 4 0 100 12.105 26.453 
159 200 32 33 4 0 100 11.366 27.402 
200 252 32 33 4 0 100 11.051 28.294 
252 317 32 33 4 0 100 11.424 29.057 
317 399 32 33 4 0 100 10.944 29.680 
399 502 32 33 4 0 100 12.145 30.006 
502 632 32 33 4 0 100 11.851 30.130 
632 795 32 33 4 0 100 13.514 30.751 
795 1000 32 33 4 0 100 12.798 30.773 
1000 4000 32 33 4 0 100 12.138 30.671 
20 26 33 34 4 0 100 14.356 18.549 
26 32 33 34 4 0 100 13.480 19.225 
32 40 33 34 4 0 100 12.562 20.186 
40 51 33 34 4 0 100 11.840 21.171 
51 64 33 34 4 0 100 12.368 22.134 
64 80 33 34 4 0 100 12.525 23.383 
80 101 33 34 4 0 100 13.238 24.588 
101 127 33 34 4 0 100 12.194 25.545 
127 159 33 34 4 0 100 12.243 26.793 
159 200 33 34 4 0 100 11.429 27.850 
200 252 33 34 4 0 100 11.264 28.530 
252 317 33 34 4 0 100 11.775 29.505 
317 399 33 34 4 0 100 11.757 29.768 
399 502 33 34 4 0 100 11.603 30.559 
502 632 33 34 4 0 100 12.893 31.185 
632 795 33 34 4 0 100 14.390 30.787 
795 1000 33 34 4 0 100 14.087 31.616 
1000 4000 33 34 4 0 100 5.638 36.433 
20 26 34 35 4 0 100 14.191 18.900 
26 32 34 35 4 0 100 13.489 19.592 
32 40 34 35 4 0 100 13.506 20.155 
40 51 34 35 4 0 100 13.035 21.365 
51 64 34 35 4 0 100 12.872 22.453 
64 80 34 35 4 0 100 12.735 23.571 
80 101 34 35 4 0 100 12.172 24.634 
101 127 34 35 4 0 100 12.093 25.808 
127 159 34 35 4 0 100 11.930 27.079 
159 200 34 35 4 0 100 11.794 27.933 
200 252 34 35 4 0 100 11.679 28.651 
252 317 34 35 4 0 100 11.555 29.632 
317 399 34 35 4 0 100 11.650 30.109 
399 502 34 35 4 0 100 11.787 30.897 
502 632 34 35 4 0 100 13.374 30.687 
632 795 34 35 4 0 100 12.987 30.998 
795 1000 34 35 4 0 100 12.837 31.544 
1000 4000 34 35 4 0 100 7.813 35.019 
20 26 35 36 4 0 100 13.860 19.355 
26 32 35 36 4 0 100 13.629 19.744 
32 40 35 36 4 0 100 12.360 20.541 
40 51 35 36 4 0 100 12.793 21.534 
51 64 35 36 4 0 100 11.828 22.690 
64 80 35 36 4 0 100 12.471 23.865 
80 101 35 36 4 0 100 12.331 25.022 
101 127 35 36 4 0 100 11.881 26.280 
127 159 35 36 4 0 100 12.409 27.403 
159 200 35 36 4 0 100 11.616 28.236 
200 252 35 36 4 0 100 11.635 28.978 
252 317 35 36 4 0 100 12.221 29.869 
317 399 35 36 4 0 100 12.440 30.371 
399 502 35 36 4 0 100 12.912 30.780 
502 632 35 36 4 0 100 11.761 31.650 
632 795 35 36 4 0 100 12.739 31.167 
795 1000 35 36 4 0 100 9.221 31.719 
1000 4000 35 36 4 0 100 10.330 31.992 
20 26 36 37 4 0 100 14.615 19.500 
26 32 36 37 4 0 100 15.015 19.934 
32 40 36 37 4 0 100 13.287 21.000 
40 51 36 37 4 0 100 12.621 21.762 
51 64 36 37 4 0 100 14.570 23.347 
64 80 36 37 4 0 100 13.611 24.272 
80 101 36 37 4 0 100 13.395 25.583 
101 127 36 37 4 0 100 12.452 25.981 
127 159 36 37 4 0 100 12.447 27.521 
159 200 36 37 4 0 100 12.783 28.354 
200 252 36 37 4 0 100 11.485 29.045 
252 317 36 37 4 0 100 11.272 29.639 
317 399 36 37 4 0 100 11.951 30.760 
399 502 36 37 4 0 100 11.580 31.397 
502 632 36 37 4 0 100 11.754 31.089 
632 795 36 37 4 0 100 11.648 32.042 
795 1000 36 37 4 0 100 15.785 30.838 
1000 4000 36 37 4 0 100 4.387 38.945 
20 26 37 38 4 0 100 14.660 19.682 
26 32 37 38 4 0 100 14.961 20.361 
32 40 37 38 4 0 100 13.926 21.243 
40 51 37 38 4 0 100 11.459 22.158 
51 64 37 38 4 0 100 12.208 23.465 
64 80 37 38 4 0 100 12.140 24.403 
80 101 37 38 4 0 100 12.887 25.624 
101 127 37 38 4 0 100 13.983 26.660 
127 159 37 38 4 0 100 11.929 27.994 
159 200 37 38 4 0 100 12.289 29.078 
200 252 37 38 4 0 100 12.653 29.824 
252 317 37 38 4 0 100 12.152 30.024 
317 399 37 38 4 0 100 13.088 30.537 
399 502 37 38 4 0 100 12.528 31.831 
502 632 37 38 4 0 100 13.884 31.964 
632 795 37 38 4 0 100 12.859 31.333 
795 1000 37 38 4 0 100 9.504 32.022 
1000 4000 37 38 4 0 100 9.713 32.596 
20 26 38 39 4 0 100 14.714 19.972 
26 32 38 39 4 0 100 13.720 20.526 
32 40 38 39 4 0 100 11.881 21.213 
40 51 38 39 4 0 100 15.353 22.560 
51 64 38 39 4 0 100 13.932 23.645 
64 80 38 39 4 0 100 12.600 24.806 
80 101 38 39 4 0 100 12.448 26.486 
101 127 38 39 4 0 100 11.353 27.081 
127 159 38 39 4 0 100 12.375 28.264 
159 200 38 39 4 0 100 13.065 29.156 
200 252 38 39 4 0 100 12.965 30.237 
252 317 38 39 4 0 100 13.575 30.706 
317 399 38 39 4 0 100 12.263 31.390 
399 502 38 39 4 0 100 12.150 32.485 
502 632 38 39 4 0 100 13.537 31.289 
632 795 38 39 4 0 100 12.261 31.952 
795 1000 38 39 4 0 100 10.172 33.142 
1000 4000 38 39 4 0 100 9.455 32.667 
20 26 39 100 4 0 100 16.545 21.097 
26 32 39 100 4 0 100 15.294 21.850 
32 40 39 100 4 0 100 15.448 22.504 
40 51 39 100 4 0 100 13.580 23.699 
51 64 39 100 4 0 100 14.466 24.600 
64 80 39 100 4 0 100 13.741 25.834 
80 101 39 100 4 0 100 14.216 26.857 
101 127 39 100 4 0 100 12.786 27.750 
127 159 39 100 4 0 100 13.285 29.060 
159 200 39 100 4 0 100 13.553 29.707 
200 252 39 100 4 0 100 12.956 30.830 
252 317 39 100 4 0 100 12.867 31.441 
317 399 39 100 4 0 100 13.228 32.390 
399 502 39 100 4 0 100 13.296 32.894 
502 632 39 100 4 0 100 13.904 33.177 
632 795 39 100 4 0 100 14.172 32.736 
795 1000 39 100 4 0 100 14.077 32.947 
1000 4000 39 100 4 0 100 14.114 33.548 
